frame0.png 1 277 226 278 128
frame1.png 1 254 166 332 158
frame2.png 1 50 25 446 264
frame3.png 1 293 70 170 86
frame4.png 1 20 23 482 335
frame5.png 1 6 205 347 270
frame6.png 1 234 136 318 162
frame7.png 1 43 123 332 168
frame8.png 1 302 264 186 103
frame9.png 1 312 257 179 107
frame10.png 1 197 126 315 167
frame11.png 1 19 214 454 260
frame12.png 1 24 250 254 118
frame13.png 1 304 250 175 104
frame14.png 1 47 190 314 155
frame16.png 1 217 8 401 249
frame17.png 1 178 73 309 138
frame18.png 1 226 182 268 139
frame19.png 1 100 125 319 156
frame20.png 1 39 35 409 319
frame21.png 1 320 167 253 137
frame22.png 1 326 170 236 142
frame23.png 1 52 9 420 259
frame24.png 1 226 51 256 121
frame25.png 1 132 218 302 134
frame26.png 1 283 97 177 93
frame27.png 1 41 202 397 174
frame28.png 1 331 235 189 101
frame29.png 1 199 32 117 63
frame30.png 1 317 165 265 145
frame31.png 1 295 128 236 114
frame32.png 1 220 205 217 94
frame34.png 1 149 223 261 110
frame35.png 1 197 241 213 102
frame39.png 1 236 131 302 161
frame40.png 1 189 205 261 125
frame41.png 1 212 241 203 102
frame43.png 1 124 139 305 124
frame44.png 1 7 132 340 206
frame45.png 1 189 60 171 83
frame46.png 1 327 173 258 137
frame47.png 1 303 269 191 108
frame48.png 1 234 28 290 150
frame49.png 1 164 145 241 136
frame50.png 1 245 152 308 143
frame51.png 1 299 94 158 63
frame52.png 1 157 75 170 68
frame53.png 1 229 148 109 50
frame54.png 1 85 69 425 270
frame55.png 1 171 187 219 71
frame56.png 1 182 152 192 82
frame58.png 1 312 269 188 102
frame60.png 1 139 156 412 232
frame61.png 1 359 127 277 114
frame62.png 1 214 178 240 113
frame63.png 1 236 135 362 234
frame64.png 1 311 276 170 87
frame65.png 1 225 237 255 123
frame66.png 1 219 181 246 104
frame67.png 1 236 161 305 129
frame70.png 1 188 68 171 75
frame71.png 1 267 238 272 106
frame72.png 1 272 257 267 87
frame73.png 1 308 265 171 96
frame75.png 1 326 184 218 125
frame76.png 1 156 174 201 73
frame77.png 1 70 125 494 271
frame78.png 1 263 152 188 115
frame79.png 1 255 180 303 142
frame81.png 1 290 208 264 105
frame82.png 1 244 149 370 179
frame83.png 1 154 93 177 69
frame84.png 1 242 159 176 55
frame85.png 1 225 301 270 94
frame86.png 1 114 195 458 148
frame87.png 1 196 245 177 81
frame88.png 1 194 232 184 67
frame89.png 1 308 279 175 80
frame90.png 1 41 251 240 112
frame91.png 1 39 187 293 151
frame92.png 1 110 28 358 297
frame93.png 1 246 212 306 116
frame94.png 1 102 47 405 270
frame95.png 1 114 184 354 115
frame96.png 1 44 56 450 242
frame97.png 1 162 216 243 116
frame98.png 1 223 67 125 51
frame100.png 1 323 199 250 103
frame101.png 1 231 170 327 112
frame102.png 1 6 9 373 292
frame103.png 1 241 162 301 129
frame104.png 1 314 236 188 89
frame105.png 1 308 136 187 60
frame106.png 1 247 214 321 117
frame107.png 1 6 245 273 82
frame108.png 1 324 192 242 116
frame109.png 1 237 155 112 44
frame110.png 1 181 233 170 61
frame111.png 1 180 219 284 155
frame112.png 1 166 109 170 71
frame113.png 1 30 33 436 249
frame114.png 1 16 142 316 133
frame115.png 1 317 124 310 144
frame116.png 1 226 260 234 53
frame117.png 1 108 5 398 135
frame118.png 1 152 253 265 91
frame119.png 1 233 154 313 136
frame120.png 1 312 260 255 113
frame121.png 1 29 9 467 228
frame122.png 1 188 194 256 155
frame123.png 1 232 155 323 135
frame124.png 1 258 234 277 116
frame126.png 1 232 114 117 44
frame127.png 1 115 62 349 179
frame128.png 1 240 184 311 127
frame129.png 1 62 11 275 211
frame130.png 1 329 193 232 116
frame131.png 1 260 167 158 63
frame132.png 1 111 85 383 212
frame133.png 1 79 11 384 138
frame134.png 1 74 179 260 103
frame135.png 1 241 164 305 126
frame137.png 1 96 199 535 231
frame138.png 1 308 264 190 93
frame139.png 1 244 149 307 140
frame141.png 1 124 258 445 173
frame142.png 1 314 259 171 107
frame143.png 1 243 230 185 70
frame144.png 1 246 247 208 99
frame145.png 1 162 118 173 80
frame146.png 1 331 179 244 127
frame147.png 1 99 141 296 114
frame148.png 1 115 18 459 287
frame149.png 1 51 225 292 107
frame150.png 1 100 178 279 141
frame151.png 1 198 198 312 154
frame152.png 1 317 263 168 95
frame153.png 1 236 128 316 164
frame154.png 1 228 131 318 164
frame155.png 1 239 271 279 140
frame156.png 1 230 26 305 157
frame157.png 1 237 278 301 152
frame158.png 1 265 170 304 152
frame159.png 1 314 240 220 124
frame160.png 1 255 28 162 81
frame161.png 1 77 40 448 245
frame162.png 1 246 54 238 90
frame163.png 1 216 121 354 179
frame165.png 1 291 81 167 84
frame166.png 1 286 69 187 97
frame167.png 1 312 257 182 108
frame169.png 1 240 126 315 156
frame170.png 1 217 110 105 57
frame171.png 1 173 68 312 161
frame172.png 1 128 158 310 112
frame173.png 1 68 166 432 150
frame174.png 1 52 78 368 216
frame176.png 1 213 17 134 60
frame177.png 1 99 187 349 136
frame178.png 1 267 66 163 60
frame179.png 1 336 246 224 121
frame180.png 1 310 118 205 80
frame181.png 1 229 149 318 146
frame182.png 1 233 155 114 46
frame183.png 1 134 45 442 281
frame184.png 1 218 167 366 157
frame185.png 1 240 167 304 130
frame186.png 1 26 24 453 221
frame188.png 1 125 199 384 256
frame189.png 1 154 114 448 230
frame190.png 1 257 227 261 107
frame191.png 1 176 65 249 174
frame192.png 1 226 81 120 56
frame193.png 1 246 104 282 96
frame194.png 1 134 142 220 94
frame195.png 1 110 27 329 198
frame196.png 1 245 158 325 134
frame197.png 1 7 13 448 310
frame198.png 1 269 228 273 107
frame199.png 1 318 216 216 102
frame200.png 1 190 246 207 98
frame202.png 1 85 218 361 160
frame203.png 1 234 170 301 126
frame204.png 1 316 281 174 75
frame205.png 1 239 167 301 124
frame206.png 1 312 276 173 82
frame207.png 1 146 306 291 85
frame208.png 1 144 256 419 170
frame210.png 1 321 189 257 108
frame211.png 1 299 92 165 63
frame212.png 1 11 86 323 213
frame213.png 1 206 199 337 123
frame214.png 1 274 85 158 70
frame216.png 1 285 143 173 69
frame217.png 1 137 219 263 115
frame218.png 1 141 119 288 170
frame219.png 1 221 272 276 135
frame221.png 1 172 164 320 142
frame222.png 1 190 182 307 129
frame223.png 1 330 185 237 118
frame224.png 1 292 85 154 66
frame225.png 1 50 239 255 98
frame226.png 1 221 48 126 43
frame227.png 1 212 83 127 48
frame228.png 1 44 255 327 98
frame229.png 1 122 188 254 105
frame230.png 1 6 6 389 295
frame231.png 1 257 64 159 58
frame232.png 1 234 167 307 113
frame233.png 1 103 186 239 107
frame234.png 1 282 266 212 89
frame235.png 1 134 23 397 250
frame236.png 1 170 176 315 109
frame238.png 1 168 64 269 166
frame239.png 1 323 189 240 111
frame240.png 1 76 7 408 166
frame241.png 1 188 187 163 74
frame242.png 1 251 163 288 121
frame243.png 1 211 265 199 71
frame244.png 1 133 67 464 292
frame245.png 1 320 198 238 95
frame246.png 1 495 227 135 91
frame247.png 1 48 90 361 250
frame248.png 1 188 241 183 86
frame249.png 1 292 248 223 113
frame250.png 1 20 7 362 189
frame251.png 1 286 250 210 107
frame252.png 1 208 175 222 87
frame253.png 1 344 235 190 97
frame254.png 1 324 171 252 126
frame255.png 1 312 263 168 103
frame256.png 1 122 158 230 89
frame258.png 1 75 223 331 97
frame259.png 1 309 272 173 87
frame260.png 1 117 185 235 72
frame261.png 1 194 239 178 76
frame262.png 1 7 54 414 277
frame263.png 1 214 89 306 106
frame264.png 1 271 239 262 101
frame265.png 1 323 193 242 116
frame267.png 1 271 240 279 107
frame268.png 1 35 223 324 111
frame269.png 1 214 261 221 105
frame270.png 1 25 22 431 257
frame271.png 1 113 160 232 71
frame272.png 1 268 176 150 51
frame273.png 1 243 178 346 129
frame274.png 1 105 198 526 221
frame275.png 1 164 33 358 185
frame276.png 1 139 214 500 218
frame277.png 1 278 238 270 109
frame278.png 1 163 70 160 65
frame279.png 1 215 299 287 99
frame280.png 1 216 253 194 94
frame281.png 1 22 19 436 251
frame282.png 1 287 95 168 61
frame283.png 1 235 130 319 154
frame284.png 1 211 115 126 61
frame285.png 1 253 67 172 87
frame286.png 1 370 230 254 134
frame288.png 1 123 180 248 131
frame289.png 1 27 31 424 238
frame290.png 1 249 140 293 137
frame291.png 1 121 177 381 113
frame292.png 1 195 101 255 186
frame294.png 1 311 129 291 126
frame295.png 1 279 235 275 98
frame296.png 1 318 268 167 96
frame297.png 1 258 131 294 82
frame298.png 1 204 28 264 194
frame299.png 1 171 163 319 116
frame300.png 1 242 228 306 95
frame301.png 1 219 88 257 127
frame302.png 1 107 44 409 239
frame303.png 1 215 246 199 113
frame304.png 1 161 180 245 96
frame305.png 1 307 271 176 96
frame306.png 1 242 141 298 142
frame307.png 1 278 235 271 102
frame308.png 1 318 246 280 105
frame309.png 1 379 236 175 102
frame310.png 1 130 125 340 123
frame311.png 1 188 170 295 117
frame312.png 1 214 90 115 61
frame313.png 1 315 260 166 104
frame314.png 1 337 205 258 113
frame315.png 1 315 268 168 96
frame316.png 1 317 267 168 99
frame317.png 1 13 53 445 409
frame318.png 1 139 106 359 355
frame319.png 1 249 224 293 127
frame320.png 1 313 260 182 113
frame321.png 1 160 23 163 86
frame323.png 1 233 133 322 159
frame324.png 1 48 128 227 107
frame325.png 1 321 188 260 120
frame326.png 1 239 163 307 137
frame327.png 1 238 160 308 132
frame328.png 1 52 246 294 104
frame329.png 1 299 238 192 92
frame330.png 1 316 274 173 91
frame331.png 1 17 265 261 112
frame332.png 1 417 247 186 101
frame333.png 1 92 198 470 276
frame334.png 1 9 51 409 295
frame335.png 1 241 144 305 150
frame336.png 1 319 268 178 106
frame337.png 1 7 191 509 202
frame338.png 1 169 198 214 75
frame339.png 1 217 13 354 281
frame340.png 1 179 263 267 93
frame341.png 1 315 287 160 70
frame342.png 1 303 272 219 90
frame343.png 1 228 155 288 104
frame344.png 1 340 255 180 85
frame345.png 1 246 183 241 95
frame346.png 1 154 166 318 112
frame347.png 1 169 140 164 67
frame348.png 1 167 195 312 104
frame349.png 1 202 83 112 43
frame350.png 1 241 163 290 113
frame351.png 1 251 215 296 101
frame352.png 1 68 224 249 79
frame353.png 1 49 231 286 100
frame354.png 1 98 177 254 133
frame355.png 1 263 30 152 60
frame356.png 1 318 280 168 82
frame357.png 1 212 51 342 169
frame358.png 1 257 177 267 87
frame359.png 1 295 90 152 56
frame360.png 1 217 159 293 124
frame361.png 1 214 264 201 88
frame362.png 1 51 272 234 86
frame363.png 1 312 280 178 75
frame364.png 1 156 258 248 89
frame365.png 1 264 174 255 55
frame366.png 1 245 158 287 134
frame367.png 1 176 213 280 107
frame368.png 1 163 262 232 75
frame369.png 1 212 69 121 48
frame370.png 1 249 242 177 52
frame371.png 1 198 240 240 88
frame372.png 1 178 53 255 171
frame373.png 1 158 23 370 201
frame374.png 1 334 198 218 99
frame375.png 1 58 120 468 232
frame376.png 1 131 165 486 179
frame377.png 1 208 120 258 131
frame378.png 1 312 100 303 109
frame379.png 1 217 226 265 92
frame380.png 1 326 204 253 101
frame381.png 1 339 138 188 61
frame382.png 1 67 217 338 165
frame383.png 1 194 255 190 63
frame384.png 1 173 40 456 267
frame385.png 1 153 97 230 128
frame387.png 1 31 258 265 75
frame388.png 1 218 248 242 80
frame389.png 1 156 93 169 67
frame390.png 1 267 258 251 90
frame392.png 1 247 153 382 204
frame393.png 1 69 202 254 75
frame394.png 1 251 187 292 98
frame395.png 1 80 229 313 123
frame396.png 1 155 299 280 103
frame397.png 1 387 265 209 79
frame398.png 1 105 150 465 232
frame399.png 1 132 180 211 69
frame400.png 1 6 4 382 415
frame401.png 1 149 177 327 116
frame403.png 1 139 145 329 117
frame404.png 1 136 53 273 185
frame405.png 1 326 249 167 77
frame406.png 1 224 209 271 134
frame407.png 1 59 35 305 174
frame408.png 1 66 233 317 105
frame409.png 1 303 289 164 72
frame410.png 1 191 101 228 67
frame411.png 1 223 49 129 45
frame412.png 1 314 277 176 87
frame413.png 1 310 287 169 72
frame414.png 1 171 202 182 74
frame415.png 1 266 95 171 62
frame416.png 1 216 26 135 52
frame417.png 1 88 23 323 184
frame418.png 1 316 272 161 92
frame419.png 1 64 202 258 93
frame420.png 1 256 138 270 69
frame421.png 1 136 230 226 80
frame422.png 1 214 72 121 65
frame423.png 1 314 224 189 101
frame424.png 1 11 80 434 270
frame425.png 1 313 250 208 113
frame427.png 1 298 263 184 100
frame428.png 1 296 225 258 104
frame429.png 1 165 218 205 65
frame430.png 1 22 56 501 276
frame431.png 1 204 243 195 101
frame432.png 1 313 279 167 85
frame434.png 1 272 78 150 71
frame435.png 1 213 203 299 105
frame436.png 1 320 183 244 122
frame438.png 1 98 220 451 146
frame440.png 1 223 48 116 60
frame441.png 1 60 245 296 113
frame442.png 1 315 277 178 94
frame443.png 1 403 242 183 92
frame444.png 1 321 193 246 109
frame446.png 1 225 178 292 92
frame447.png 1 114 258 235 78
frame448.png 1 228 211 299 121
frame449.png 1 163 38 259 169
frame450.png 1 217 79 233 59
frame451.png 1 199 187 309 84
frame452.png 1 265 247 262 95
frame453.png 1 267 85 160 71
frame454.png 1 107 196 315 131
frame455.png 1 242 162 287 130
frame456.png 1 315 272 169 92
frame459.png 1 202 6 131 61
frame460.png 1 302 121 193 84
frame461.png 1 177 263 264 83
frame462.png 1 136 170 270 94
frame464.png 1 188 55 265 161
frame465.png 1 256 195 306 115
frame467.png 1 249 215 300 190
frame468.png 1 58 10 388 273
frame469.png 1 329 174 264 123
frame470.png 1 156 171 274 103
frame471.png 1 329 247 190 86
frame473.png 1 129 129 283 85
frame475.png 1 199 165 217 106
frame476.png 1 327 191 234 113
frame477.png 1 330 195 234 105
frame479.png 1 276 320 289 112
frame482.png 1 109 227 303 101
frame483.png 1 193 244 173 74
frame484.png 1 151 283 278 113
frame485.png 1 294 240 240 95
frame486.png 1 19 103 409 203
frame487.png 1 208 238 188 116
frame488.png 1 297 263 174 102
frame489.png 1 102 240 280 98
frame490.png 1 221 112 265 83
frame491.png 1 315 276 165 84
frame492.png 1 269 258 214 97
frame493.png 1 280 266 221 88
frame494.png 1 233 155 294 122
frame495.png 1 257 306 294 120
frame496.png 1 205 255 199 77
frame497.png 1 278 141 313 125
frame498.png 1 258 73 164 68
frame499.png 1 256 151 271 133
frame500.png 1 211 73 266 140
frame501.png 1 35 186 291 130
frame502.png 1 55 254 254 77
frame503.png 1 247 157 299 138
frame504.png 1 122 194 305 122
frame505.png 1 165 266 257 101
frame506.png 1 192 221 256 104
frame507.png 1 315 283 168 84
frame508.png 1 247 163 295 119
frame509.png 1 327 134 291 131
frame510.png 1 322 276 160 82
frame511.png 1 207 34 123 48
frame512.png 1 128 154 203 92
frame513.png 1 303 238 325 100
frame514.png 1 363 245 180 90
frame515.png 1 203 220 296 206
frame516.png 1 123 194 244 98
frame517.png 1 332 237 190 101
frame518.png 1 149 234 276 103
frame519.png 1 332 185 230 115
frame520.png 1 221 122 182 59
frame521.png 1 145 298 288 99
frame522.png 1 213 251 200 99
frame523.png 1 100 105 286 102
frame524.png 1 249 236 245 88
frame525.png 1 238 204 293 87
frame526.png 1 233 157 270 63
frame527.png 1 44 166 315 124
frame528.png 1 310 277 168 79
frame529.png 1 302 244 192 90
frame530.png 1 170 217 282 157
frame531.png 1 327 197 232 106
frame532.png 1 140 267 208 82
frame535.png 1 334 243 162 85
frame536.png 1 163 181 403 126
frame537.png 1 204 263 210 88
frame538.png 1 215 260 194 94
frame539.png 1 208 104 274 75
frame540.png 1 263 185 336 122
frame541.png 1 241 168 314 122
frame542.png 1 210 123 114 48
frame543.png 1 178 22 368 292
frame544.png 1 336 242 171 87
frame545.png 1 247 154 297 137
frame546.png 1 250 124 284 88
frame547.png 1 146 262 427 140
frame548.png 1 318 275 160 90
frame549.png 1 45 265 233 94
frame550.png 1 268 162 180 116
frame551.png 1 262 58 156 70
frame552.png 1 232 148 106 46
frame553.png 1 185 216 281 106
frame554.png 1 158 59 163 58
frame555.png 1 314 269 168 91
frame556.png 1 188 156 157 75
frame557.png 1 269 147 168 62
frame558.png 1 124 106 243 133
frame559.png 1 126 184 311 95
frame560.png 1 308 260 170 103
frame561.png 1 280 88 166 67
frame562.png 1 215 113 105 48
frame563.png 1 32 260 230 103
frame565.png 1 128 163 282 97
frame566.png 1 63 241 282 99
frame567.png 1 338 186 221 113
frame568.png 1 251 160 285 120
frame570.png 1 315 266 158 98
frame571.png 1 247 165 291 124
frame572.png 1 241 153 289 137
frame573.png 1 188 208 165 77
frame574.png 1 161 252 212 95
frame575.png 1 303 269 161 93
frame576.png 1 175 9 289 171
frame577.png 1 132 162 299 99
frame578.png 1 313 263 165 96
frame579.png 1 2 76 301 247
frame580.png 1 335 182 218 110
frame581.png 1 214 104 234 115
frame582.png 1 319 272 156 87
frame583.png 1 62 250 276 106
frame584.png 1 316 269 167 96
frame585.png 1 244 157 288 124
frame586.png 1 205 44 222 136
frame587.png 1 288 110 153 79
frame588.png 1 32 26 396 278
frame589.png 1 281 244 277 107
frame590.png 1 238 154 288 126
frame591.png 1 182 243 246 93
frame592.png 1 29 263 252 110
frame593.png 1 319 271 160 100
frame594.png 1 159 288 252 100
frame595.png 1 268 81 155 79
frame596.png 1 227 80 114 49
frame597.png 1 51 83 478 254
frame598.png 1 77 257 238 98
frame599.png 1 336 178 218 110
frame600.png 1 241 80 281 116
frame601.png 1 217 123 181 61
frame602.png 1 118 164 221 79
frame603.png 1 327 186 235 114
frame604.png 1 174 197 221 65
frame605.png 1 215 290 247 94
frame606.png 1 125 176 323 127
frame607.png 1 200 98 220 126
frame608.png 1 269 82 148 72
frame609.png 1 316 267 159 94
frame610.png 1 47 201 337 173
frame612.png 1 317 266 165 96
frame613.png 1 46 210 259 87
frame614.png 1 158 297 271 104
frame615.png 1 264 28 154 71
frame616.png 1 31 45 507 268
frame617.png 1 17 14 440 255
frame618.png 1 146 289 269 96
frame619.png 1 99 56 229 221
frame620.png 1 317 225 275 94
frame621.png 1 133 184 243 117
frame622.png 1 132 70 232 204
frame623.png 1 261 68 159 83
frame624.png 1 310 264 177 96
frame625.png 1 29 261 243 115
frame626.png 1 310 271 174 91
frame627.png 1 318 269 173 99
frame628.png 1 237 156 306 144
frame629.png 1 90 241 296 112
frame630.png 1 209 109 113 48
frame631.png 1 118 155 381 127
frame632.png 1 258 172 351 150
frame634.png 1 137 146 218 90
frame635.png 1 246 152 279 132
frame636.png 1 134 46 328 163
frame640.png 1 163 220 224 72
frame642.png 1 326 197 227 98
frame643.png 1 318 267 175 100
frame645.png 1 34 11 414 239
frame646.png 1 308 262 176 98
frame647.png 1 303 75 157 79
frame648.png 1 293 104 164 70
frame649.png 1 252 161 260 73
frame650.png 1 156 161 285 98
frame651.png 1 353 239 268 98
frame652.png 1 190 39 169 87
frame653.png 1 8 180 503 155
frame655.png 1 132 70 343 180
frame656.png 1 193 56 256 166
frame657.png 1 59 245 298 98
frame658.png 1 193 251 236 100
frame659.png 1 273 242 263 93
frame660.png 1 136 142 285 96
frame662.png 1 128 196 230 97
frame663.png 1 97 59 406 217
frame664.png 1 175 253 266 88
frame665.png 1 81 32 369 275
frame666.png 1 171 142 161 81
frame667.png 1 249 159 278 123
frame668.png 1 330 241 173 80
frame669.png 1 311 266 188 105
frame670.png 1 86 221 338 125
frame671.png 1 111 180 333 133
frame672.png 1 254 276 209 97
frame673.png 1 222 76 223 77
frame674.png 1 236 151 102 51
frame675.png 1 245 140 194 50
frame676.png 1 260 239 223 76
frame677.png 1 198 250 181 86
frame678.png 1 155 42 171 77
frame679.png 1 120 40 418 246
frame680.png 1 35 61 373 237
frame681.png 1 3 31 422 296
frame682.png 1 229 128 377 222
frame683.png 1 110 49 395 234
frame684.png 1 340 233 169 100
frame687.png 1 241 196 270 131
frame688.png 1 190 112 165 83
frame689.png 1 241 140 288 142
frame690.png 1 205 242 209 108
frame691.png 1 324 238 188 85
frame692.png 1 270 282 200 103
frame693.png 1 224 51 251 114
frame694.png 1 297 271 183 90
frame695.png 1 213 96 190 78
frame697.png 1 317 281 158 98
frame698.png 1 53 107 543 246
frame699.png 1 165 88 393 192
frame700.png 1 278 213 212 80
frame701.png 1 214 117 114 51
frame702.png 1 197 237 188 95
frame703.png 1 69 58 406 231
frame704.png 1 331 160 258 130
frame705.png 1 320 187 222 123
frame706.png 1 102 259 227 102
frame707.png 1 371 236 217 128
frame708.png 1 159 239 254 97
frame709.png 1 167 236 205 117
frame710.png 1 251 142 292 130
frame711.png 1 248 131 321 164
frame712.png 1 4 77 334 222
frame713.png 1 314 141 216 71
frame714.png 1 64 50 510 262
frame715.png 1 127 199 213 89
frame716.png 1 215 145 306 134
frame717.png 1 283 75 158 75
frame718.png 1 263 61 160 78
frame719.png 1 244 133 294 143
frame720.png 1 218 255 203 100
frame721.png 1 88 134 223 89
frame722.png 1 200 243 204 108
frame723.png 1 329 182 231 119
frame725.png 1 100 212 324 121
frame726.png 1 264 243 213 108
frame727.png 1 315 264 171 95
frame730.png 1 10 98 385 265
frame731.png 1 331 167 235 118
frame732.png 1 268 75 158 86
frame733.png 1 118 205 260 117
frame734.png 1 39 97 477 205
frame735.png 1 187 202 266 114
frame736.png 1 101 170 495 172
frame737.png 1 83 91 407 207
frame738.png 1 59 71 348 175
frame739.png 1 312 271 175 83
frame740.png 1 212 251 215 93
frame741.png 1 275 80 219 80
frame742.png 1 279 45 349 339
frame744.png 1 34 27 455 235
frame745.png 1 312 264 184 97
frame746.png 1 178 210 303 195
frame747.png 1 287 242 264 99
frame748.png 1 44 224 272 115
frame749.png 1 27 256 229 107
frame751.png 1 303 225 185 89
frame752.png 1 284 147 177 75
frame753.png 1 100 168 273 127
frame754.png 1 150 46 328 245
frame755.png 1 155 87 215 86
frame756.png 1 42 102 421 203
frame757.png 1 200 240 176 98
frame758.png 1 154 135 323 104
frame759.png 1 167 7 301 146
frame760.png 1 281 229 205 75
frame761.png 1 291 83 141 71
frame762.png 1 322 284 162 75
frame763.png 1 293 232 195 69
frame764.png 1 310 195 234 107
frame765.png 1 290 297 189 74
frame766.png 1 213 158 296 123
frame767.png 1 127 210 491 205
frame768.png 1 273 202 325 246
frame769.png 1 228 98 233 120
frame770.png 1 243 145 284 132
frame771.png 1 314 266 167 87
frame772.png 1 336 173 282 101
frame773.png 1 207 75 121 53
frame774.png 1 329 250 228 111
frame775.png 1 120 170 264 112
frame776.png 1 175 48 295 191
frame777.png 1 318 211 264 113
frame778.png 1 187 170 169 84
frame779.png 1 222 82 218 60
frame780.png 1 171 225 297 152
frame781.png 1 40 260 240 102
frame782.png 1 218 191 277 89
frame783.png 1 327 193 227 98
frame784.png 1 114 27 423 286
frame785.png 1 318 267 157 94
frame787.png 1 215 207 258 107
frame788.png 1 75 25 408 133
frame789.png 1 250 136 177 77
frame790.png 1 299 94 163 63
frame791.png 1 39 236 297 95
frame792.png 1 51 202 273 74
frame793.png 1 327 199 226 102
frame794.png 1 290 112 166 61
frame795.png 1 73 38 411 249
frame796.png 1 106 66 365 170
frame797.png 1 129 168 382 118
frame798.png 1 164 41 313 158
frame799.png 1 250 313 292 119
frame800.png 1 144 262 411 158
frame801.png 1 290 153 168 75
frame802.png 1 244 147 290 145
frame803.png 1 311 226 182 91
frame804.png 1 191 101 153 71
frame805.png 1 239 190 323 168
frame806.png 1 294 178 165 81
frame807.png 1 255 198 326 138
frame808.png 1 234 225 302 112
frame810.png 1 147 8 413 245
frame811.png 1 273 76 164 76
frame812.png 1 133 21 387 171
frame813.png 1 100 32 420 201
frame814.png 1 121 133 300 146
frame815.png 1 168 82 280 169
frame816.png 1 325 232 177 104
frame817.png 1 51 90 482 264
frame818.png 1 316 265 169 105
frame819.png 1 331 179 231 119
frame820.png 1 10 56 376 255
frame821.png 1 290 72 158 86
frame822.png 1 29 115 352 209
frame823.png 1 156 133 311 146
frame825.png 1 336 230 250 95
frame826.png 1 32 144 421 220
frame827.png 1 217 149 309 110
frame829.png 1 101 158 327 226
frame830.png 1 15 48 451 237
frame831.png 1 68 34 387 263
frame832.png 1 163 247 216 93
frame833.png 1 305 159 299 146
frame834.png 1 127 202 438 188
frame835.png 1 234 121 118 53
frame837.png 1 118 22 445 283
frame838.png 1 128 172 310 106
frame839.png 1 232 293 287 122
frame840.png 1 257 258 267 86
frame842.png 1 302 251 207 103
frame843.png 1 305 226 175 79
frame845.png 1 231 147 305 135
frame847.png 1 112 142 458 218
frame848.png 1 106 155 350 127
frame849.png 1 192 83 325 114
frame850.png 1 137 233 316 144
frame851.png 1 216 273 294 133
frame852.png 1 37 249 278 99
frame854.png 1 241 135 315 146
frame855.png 1 93 146 383 133
frame856.png 1 294 105 334 97
frame857.png 1 409 241 185 100
frame858.png 1 186 108 187 77
frame859.png 1 96 205 341 117
frame860.png 1 313 268 183 99
frame861.png 1 268 74 155 77
frame862.png 1 320 267 167 99
frame863.png 1 120 82 287 126
frame864.png 1 56 222 266 109
frame865.png 1 245 137 293 147
frame867.png 1 186 72 165 79
frame868.png 1 269 156 263 83
frame869.png 1 303 71 155 78
frame870.png 1 323 266 157 94
frame871.png 1 329 240 177 85
frame872.png 1 317 262 161 100
frame873.png 1 108 161 270 148
frame874.png 1 203 37 283 198
frame876.png 1 253 144 298 146
frame878.png 1 223 165 276 181
frame879.png 1 234 150 102 47
frame880.png 1 233 56 355 252
frame881.png 1 231 132 279 89
frame882.png 1 336 236 170 91
frame883.png 1 327 180 230 123
frame884.png 1 237 151 99 45
frame886.png 1 112 181 242 115
frame887.png 1 253 141 287 136
frame889.png 1 211 233 232 78
frame890.png 1 206 240 198 97
frame891.png 1 206 258 195 86
frame892.png 1 273 76 145 84
frame893.png 1 211 179 295 75
frame894.png 1 132 178 216 71
frame895.png 1 164 259 238 76
frame896.png 1 309 225 160 72
frame897.png 1 321 194 246 99
frame898.png 1 129 205 244 85
frame899.png 1 206 204 291 86
frame900.png 1 88 39 397 243
frame901.png 1 110 44 391 245
frame902.png 1 276 200 291 106
frame904.png 1 256 66 280 116
frame905.png 1 27 56 346 218
frame906.png 1 47 196 291 121
frame907.png 1 187 184 168 78
frame908.png 1 326 130 198 69
frame909.png 1 242 212 287 109
frame910.png 1 301 243 253 90
frame911.png 1 165 213 214 61
frame912.png 1 180 246 264 86
frame913.png 1 296 250 247 98
frame914.png 1 230 163 289 120
frame915.png 1 247 87 277 97
frame916.png 1 301 248 250 87
frame917.png 1 88 22 399 243
frame918.png 1 236 154 100 44
frame919.png 1 323 135 200 64
frame920.png 1 261 88 154 63
frame921.png 1 252 169 294 112
frame922.png 1 81 276 211 84
frame923.png 1 218 52 262 176
frame924.png 1 330 206 206 106
frame925.png 1 192 232 163 78
frame926.png 1 184 229 272 147
frame927.png 1 13 12 440 177
frame928.png 1 290 107 156 70
frame929.png 1 276 77 281 106
frame930.png 1 313 272 176 88
frame931.png 1 158 251 233 92
frame932.png 1 214 293 273 96
frame934.png 1 320 270 161 90
frame935.png 1 165 260 244 80
frame936.png 1 135 205 253 118
frame937.png 1 46 42 430 223
frame938.png 1 51 262 260 110
frame939.png 1 253 140 281 143
frame942.png 1 287 79 164 74
frame943.png 1 331 237 176 93
frame944.png 1 312 275 164 84
frame945.png 1 72 127 298 156
frame946.png 1 223 21 124 56
frame947.png 1 122 181 498 243
frame948.png 1 54 254 323 105
frame949.png 1 276 84 155 68
frame950.png 1 142 257 259 81
frame951.png 1 326 238 178 94
frame953.png 1 80 237 304 102
frame952.png 1 204 69 314 110
frame954.png 1 269 161 168 108
frame955.png 1 137 160 478 183
frame956.png 1 200 239 159 80
frame957.png 1 337 194 229 104
frame958.png 1 321 177 235 116
frame959.png 1 201 85 299 110
frame960.png 1 250 168 286 105
frame961.png 1 141 157 339 91
frame962.png 1 316 280 172 76
frame963.png 1 252 321 255 102
frame965.png 1 119 258 247 86
frame966.png 1 332 194 215 104
frame967.png 1 75 83 420 206
frame968.png 1 337 187 223 111
frame969.png 1 298 213 165 73
frame970.png 1 175 186 297 122
frame971.png 1 192 59 253 147
frame972.png 1 160 93 171 61
frame973.png 1 317 268 161 89
frame974.png 1 216 244 217 74
frame975.png 1 229 222 262 93
frame976.png 1 245 137 288 149
frame977.png 1 172 242 257 123
frame978.png 1 49 85 286 165
frame979.png 1 265 124 286 81
frame980.png 1 231 249 183 113
frame981.png 1 190 209 250 96
frame982.png 1 53 247 262 95
frame983.png 1 261 253 208 91
frame984.png 1 129 153 280 126
frame985.png 1 201 194 265 87
frame987.png 1 159 186 250 105
frame990.png 1 194 127 295 101
frame991.png 1 240 258 199 95
frame992.png 1 274 182 204 92
frame993.png 1 223 161 298 131
frame994.png 1 46 242 346 129
frame995.png 1 138 138 282 102
frame996.png 1 210 274 251 104
frame997.png 1 275 94 151 59
frame998.png 1 311 267 187 106
frame999.png 1 356 250 221 109
frame1000.png 1 334 197 226 98
frame1001.png 1 125 211 294 119
frame1002.png 1 242 263 194 93
frame1003.png 1 317 276 168 85
frame1004.png 1 335 197 223 101
frame1005.png 1 56 51 400 280
frame1006.png 1 306 276 175 91
frame1007.png 1 104 216 331 172
frame1008.png 1 197 240 181 86
frame1009.png 1 231 182 315 103
frame1010.png 1 211 289 281 108
frame1011.png 1 74 64 434 221
frame1012.png 1 305 225 178 81
frame1013.png 1 255 149 289 139
frame1015.png 1 55 194 282 136
frame1017.png 1 252 101 264 93
frame1018.png 1 149 169 359 192
frame1019.png 1 324 160 271 110
frame1020.png 1 218 249 191 96
frame1021.png 1 140 124 292 96
frame1022.png 1 191 122 157 69
frame1023.png 1 422 268 207 85
frame1024.png 1 316 268 158 93
frame1025.png 1 28 36 403 277
frame1026.png 1 282 73 156 80
frame1027.png 1 324 266 157 97
frame1029.png 1 311 255 241 93
frame1030.png 1 236 138 289 149
frame1031.png 1 360 55 265 147
frame1032.png 1 92 41 226 200
frame1033.png 1 213 112 110 57
frame1034.png 1 256 134 287 142
frame1035.png 1 210 244 174 92
frame1037.png 1 76 133 278 152
frame1038.png 1 237 53 261 122
frame1039.png 1 318 268 157 95
frame1040.png 1 16 22 391 266
frame1041.png 1 262 95 289 103
frame1043.png 1 328 273 156 85
frame1044.png 1 315 275 170 87
frame1045.png 1 203 198 315 107
frame1046.png 1 62 192 259 90
frame1047.png 1 249 261 165 71
frame1048.png 1 156 294 271 99
frame1049.png 1 333 261 170 63
frame1050.png 1 249 174 279 106
frame1051.png 1 133 40 408 265
frame1052.png 1 289 227 253 99
frame1054.png 1 316 290 176 71
frame1055.png 1 155 229 224 56
frame1056.png 1 383 262 226 89
frame1057.png 1 203 52 308 234
frame1058.png 1 116 237 393 163
frame1059.png 1 122 66 365 222
frame1060.png 1 95 178 307 103
frame1061.png 1 162 105 159 62
frame1062.png 1 370 119 268 85
frame1063.png 1 259 307 171 54
frame1064.png 1 329 290 151 62
frame1065.png 1 194 148 160 50
frame1066.png 1 318 288 182 75
frame1067.png 1 159 157 258 81
frame1068.png 1 201 194 148 80
frame1069.png 1 242 154 255 62
frame1070.png 1 343 174 223 131
frame1071.png 1 134 216 233 75
frame1072.png 1 163 297 260 103
frame1073.png 1 36 263 226 95
frame1074.png 1 313 219 204 105
frame1075.png 1 161 254 401 170
frame1076.png 1 204 249 188 89
frame1077.png 1 342 145 276 119
frame1078.png 1 186 141 167 74
frame1079.png 1 106 237 222 94
frame1080.png 1 338 242 171 81
frame1081.png 1 319 273 167 79
frame1082.png 1 230 90 116 52
frame1083.png 1 247 72 243 115
frame1084.png 1 289 168 150 69
frame1085.png 1 123 174 476 177
frame1086.png 1 8 83 321 240
frame1088.png 1 210 113 108 50
frame1089.png 1 290 74 178 88
frame1090.png 1 322 275 259 86
frame1091.png 1 14 15 377 246
frame1092.png 1 290 126 155 84
frame1093.png 1 331 187 243 116
frame1094.png 1 192 146 293 139
frame1096.png 1 405 101 175 77
frame1097.png 1 252 153 279 129
frame1098.png 1 261 155 272 127
frame1100.png 1 214 178 310 94
frame1101.png 1 42 201 296 122
frame1102.png 1 184 187 164 73
frame1103.png 1 128 221 240 74
frame1104.png 1 61 113 325 256
frame1105.png 1 130 171 217 77
frame1106.png 1 155 163 282 126
frame1107.png 1 217 225 309 109
frame1108.png 1 313 282 163 74
frame1110.png 1 287 134 169 58
frame1111.png 1 52 25 392 228
frame1112.png 1 313 287 170 69
frame1113.png 1 77 55 400 231
frame1114.png 1 275 100 287 84
frame1115.png 1 66 148 447 185
frame1116.png 1 306 282 186 75
frame1117.png 1 252 230 252 95
frame1120.png 1 99 224 290 95
frame1121.png 1 131 154 267 89
frame1122.png 1 103 206 327 172
frame1123.png 1 293 144 158 67
frame1124.png 1 137 71 367 214
frame1125.png 1 120 196 320 97
frame1126.png 1 249 218 303 102
frame1127.png 1 307 259 275 89
frame1128.png 1 272 89 148 61
frame1129.png 1 308 272 184 88
frame1130.png 1 220 27 131 55
frame1131.png 1 322 228 294 93
frame1132.png 1 244 209 238 92
frame1133.png 1 249 241 258 73
frame1134.png 1 266 217 290 114
frame1135.png 1 69 189 349 106
frame1136.png 1 338 195 220 105
frame1137.png 1 262 254 198 88
frame1138.png 1 62 219 254 81
frame1139.png 1 108 77 406 296
frame1141.png 1 320 271 160 93
frame1142.png 1 164 23 391 229
frame1143.png 1 218 114 111 60
frame1144.png 1 317 270 159 87
frame1145.png 1 270 75 260 106
frame1146.png 1 335 185 220 109
frame1148.png 1 324 265 153 96
frame1149.png 1 339 135 195 75
frame1150.png 1 261 7 158 82
frame1151.png 1 275 80 152 76
frame1152.png 1 86 89 379 282
frame1153.png 1 262 232 263 96
frame1154.png 1 314 265 159 92
frame1155.png 1 213 250 179 93
frame1156.png 1 257 95 218 48
frame1157.png 1 341 247 262 83
frame1158.png 1 174 242 283 114
frame1159.png 1 320 278 166 85
frame1160.png 1 140 136 268 83
frame1161.png 1 150 79 172 66
frame1163.png 1 162 305 257 90
frame1164.png 1 275 239 256 95
frame1165.png 1 364 252 204 114
frame1166.png 1 25 273 228 87
frame1167.png 1 342 209 208 88
frame1168.png 1 152 237 374 125
frame1169.png 1 225 245 218 103
frame1170.png 1 291 314 270 106
frame1171.png 1 210 163 197 57
frame1172.png 1 164 254 213 99
frame1173.png 1 228 222 191 50
frame1174.png 1 343 193 221 103
frame1175.png 1 302 90 154 66
frame1176.png 1 107 42 332 212
frame1177.png 1 218 167 279 113
frame1179.png 1 192 126 165 64
frame1180.png 1 322 192 261 95
frame1181.png 1 212 189 306 66
frame1182.png 1 7 86 305 181
frame1183.png 1 273 252 257 81
frame1184.png 1 32 255 263 85
frame1185.png 1 158 228 248 88
frame1186.png 1 170 166 162 65
frame1187.png 1 309 254 271 94
frame1188.png 1 335 206 219 91
frame1189.png 1 46 61 418 205
frame1190.png 1 319 279 156 78
frame1191.png 1 85 31 349 210
frame1192.png 1 47 138 362 223
frame1193.png 1 240 209 247 102
frame1194.png 1 145 14 289 137
frame1196.png 1 246 174 289 108
frame1197.png 1 6 58 407 213
frame1198.png 1 147 204 219 99
frame1199.png 1 267 68 159 79
frame1200.png 1 163 306 276 88
frame1201.png 1 22 74 301 204
frame1202.png 1 319 284 167 81
frame1203.png 1 299 158 186 53
frame1204.png 1 319 277 169 87
frame1205.png 1 333 201 224 89
frame1206.png 1 194 247 178 76
frame1207.png 1 250 164 276 121
frame1208.png 1 68 206 312 175
frame1209.png 1 59 12 359 188
frame1210.png 1 116 203 309 124
frame1211.png 1 214 104 107 44
frame1212.png 1 244 170 274 108
frame1213.png 1 19 84 475 208
frame1214.png 1 322 270 150 89
frame1216.png 1 198 190 158 87
frame1217.png 1 234 64 206 103
frame1218.png 1 270 73 144 77
frame1219.png 1 249 145 282 130
frame1220.png 1 264 80 148 71
frame1221.png 1 268 77 152 72
frame1222.png 1 263 146 269 140
frame1223.png 1 116 160 444 187
frame1224.png 1 295 99 161 79
frame1225.png 1 284 116 281 84
frame1226.png 1 318 207 211 104
frame1227.png 1 285 134 173 53
frame1228.png 1 133 255 240 92
frame1229.png 1 271 92 266 100
frame1230.png 1 173 88 265 150
frame1231.png 1 39 156 295 179
frame1232.png 1 193 210 233 140
frame1233.png 1 91 28 224 203
frame1234.png 1 130 248 207 103
frame1235.png 1 233 206 276 134
frame1236.png 1 238 174 293 96
frame1237.png 1 216 213 269 133
frame1238.png 1 219 82 107 56
frame1239.png 1 265 71 288 96
frame1240.png 1 271 252 262 93
frame1241.png 1 236 71 100 50
frame1242.png 1 260 173 267 112
frame1243.png 1 314 279 158 81
frame1244.png 1 294 321 266 106
frame1245.png 1 251 174 279 107
frame1246.png 1 98 170 282 113
frame1247.png 1 324 273 143 90
frame1248.png 1 331 203 219 82
frame1249.png 1 49 230 280 97
frame1250.png 1 167 232 245 100
frame1251.png 1 314 274 166 94
frame1253.png 1 122 215 377 166
frame1254.png 1 317 273 168 84
frame1255.png 1 56 184 244 85
frame1256.png 1 251 81 250 113
frame1257.png 1 258 254 263 76
frame1258.png 1 131 273 201 71
frame1259.png 1 249 135 271 77
frame1260.png 1 308 284 171 73
frame1261.png 1 113 152 442 219
frame1262.png 1 43 109 453 225
frame1263.png 1 144 130 313 105
frame1264.png 1 315 191 185 62
frame1267.png 1 119 211 317 116
frame1268.png 1 150 259 253 81
frame1269.png 1 163 261 254 77
frame1270.png 1 314 246 194 83
frame1271.png 1 217 159 191 65
frame1272.png 1 242 224 230 83
frame1273.png 1 175 192 311 110
frame1274.png 1 306 88 138 65
frame1275.png 1 310 273 162 81
frame1276.png 1 266 170 270 108
frame1277.png 1 246 169 286 110
frame1278.png 1 316 275 163 81
frame1279.png 1 317 268 159 87
frame1280.png 1 173 198 314 112
frame1281.png 1 198 46 124 53
frame1282.png 1 247 76 279 115
frame1283.png 1 32 187 315 122
frame1284.png 1 251 177 282 100
frame1285.png 1 217 94 109 37
frame1286.png 1 21 25 345 238
frame1287.png 1 241 94 227 124
frame1289.png 1 190 232 280 145
frame1290.png 1 316 269 155 84
frame1291.png 1 327 206 241 92
frame1292.png 1 157 261 241 73
frame1294.png 1 163 143 262 87
frame1295.png 1 321 278 160 83
frame1296.png 1 141 234 391 145
frame1298.png 1 216 251 194 107
frame1300.png 1 239 179 294 96
frame1301.png 1 225 183 225 87
frame1302.png 1 240 179 290 108
frame1304.png 1 222 166 210 102
frame1305.png 1 230 163 298 120
frame1306.png 1 154 306 279 88
frame1307.png 1 275 99 167 59
frame1308.png 1 393 248 171 83
frame1309.png 1 265 263 262 101
frame1310.png 1 135 201 241 97
frame1311.png 1 145 91 305 105
frame1312.png 1 248 264 190 66
frame1313.png 1 115 263 202 86
frame1314.png 1 320 275 164 83
frame1315.png 1 129 190 262 114
frame1316.png 1 264 264 266 90
frame1317.png 1 37 100 357 233
frame1319.png 1 124 177 506 163
frame1320.png 1 140 190 328 101
frame1321.png 1 201 135 271 103
frame1322.png 1 100 215 266 79
frame1323.png 1 204 177 227 104
frame1324.png 1 218 253 378 149
frame1325.png 1 101 266 281 102
frame1327.png 1 233 245 193 99
frame1328.png 1 160 175 274 87
frame1329.png 1 336 191 207 98
frame1331.png 1 49 105 373 246
frame1332.png 1 218 271 203 80
frame1333.png 1 305 280 181 67
frame1334.png 1 313 263 170 91
frame1335.png 1 190 258 240 92
frame1336.png 1 242 182 280 113
frame1337.png 1 246 169 285 110
frame1338.png 1 253 143 287 144
frame1339.png 1 235 151 98 44
frame1340.png 1 309 70 156 87
frame1341.png 1 319 266 159 96
frame1342.png 1 250 96 220 102
frame1343.png 1 302 226 264 103
frame1344.png 1 226 297 252 103
frame1345.png 1 137 209 272 110
frame1346.png 1 235 180 214 102
frame1348.png 1 317 256 255 91
frame1349.png 1 332 245 240 82
frame1351.png 1 201 246 240 82
frame1352.png 1 235 262 189 101
frame1353.png 1 154 117 256 99
frame1355.png 1 219 99 110 59
frame1356.png 1 259 152 231 121
frame1357.png 1 194 237 164 87
frame1358.png 1 271 230 262 111
frame1359.png 1 159 30 179 72
frame1360.png 1 160 76 296 182
frame1361.png 1 26 144 283 150
frame1362.png 1 325 268 163 103
frame1363.png 1 281 228 257 111
frame1364.png 1 246 147 289 139
frame1366.png 1 141 201 303 148
frame1367.png 1 73 164 455 225
frame1368.png 1 173 182 167 62
frame1369.png 1 212 182 300 75
frame1370.png 1 228 216 242 119
frame1371.png 1 94 226 296 99
frame1372.png 1 318 269 175 98
frame1373.png 1 226 261 197 99
frame1374.png 1 183 200 155 62
frame1376.png 1 223 90 112 58
frame1377.png 1 313 267 158 85
frame1378.png 1 99 138 275 146
frame1379.png 1 341 138 251 135
frame1381.png 1 177 256 204 86
frame1382.png 1 233 199 276 109
frame1383.png 1 85 55 364 156
frame1384.png 1 1 31 324 207
frame1385.png 1 4 75 452 255
frame1386.png 1 253 84 235 117
frame1387.png 1 125 235 247 90
frame1388.png 1 263 158 270 118
frame1389.png 1 115 264 192 91
frame1390.png 1 218 219 304 106
frame1391.png 1 324 276 166 84
frame1392.png 1 220 93 105 47
frame1393.png 1 335 190 225 115
frame1394.png 1 221 180 286 100
frame1395.png 1 148 39 381 256
frame1397.png 1 95 51 264 145
frame1398.png 1 244 237 216 110
frame1399.png 1 241 254 197 100
frame1400.png 1 321 275 162 83
frame1401.png 1 157 103 398 213
frame1402.png 1 232 135 194 104
frame1403.png 1 143 259 208 89
frame1404.png 1 346 252 197 116
frame1405.png 1 288 207 151 66
frame1408.png 1 60 198 265 82
frame1409.png 1 170 89 234 128
frame1411.png 1 315 272 171 100
frame1412.png 1 221 114 116 51
frame1413.png 1 69 256 268 91
frame1414.png 1 122 171 226 62
frame1415.png 1 268 134 292 75
frame1416.png 1 238 178 295 104
frame1418.png 1 279 75 343 238
frame1419.png 1 223 163 264 64
frame1420.png 1 146 282 186 64
frame1421.png 1 244 137 344 161
frame1422.png 1 342 198 210 97
frame1423.png 1 150 224 241 102
frame1424.png 1 17 72 432 232
frame1425.png 1 144 78 316 191
frame1426.png 1 171 41 256 165
frame1427.png 1 137 54 347 216
frame1428.png 1 129 203 229 91
frame1429.png 1 353 259 252 80
frame1430.png 1 203 94 329 166
frame1431.png 1 110 207 272 114
frame1432.png 1 58 271 244 69
frame1433.png 1 301 91 153 64
frame1434.png 1 173 258 310 104
frame1435.png 1 319 289 158 66
frame1436.png 1 308 291 172 70
frame1437.png 1 258 178 289 106
frame1438.png 1 182 195 205 58
frame1439.png 1 344 208 201 88
frame1440.png 1 252 233 292 99
frame1441.png 1 127 205 290 114
frame1442.png 1 168 53 254 148
frame1443.png 1 93 181 227 73
frame1444.png 1 107 56 326 223
frame1445.png 1 70 255 233 81
frame1446.png 1 227 130 101 44
frame1447.png 1 183 267 179 85
frame1448.png 1 39 41 407 221
frame1450.png 1 190 186 268 91
frame1451.png 1 179 203 288 94
frame1452.png 1 318 284 173 70
frame1453.png 1 353 257 173 83
frame1454.png 1 315 285 157 76
frame1455.png 1 187 113 237 105
frame1456.png 1 207 160 137 54
frame1457.png 1 315 273 177 90
frame1458.png 1 258 183 275 93
frame1459.png 1 277 206 284 112
frame1460.png 1 298 249 250 78
frame1461.png 1 163 227 429 185
frame1462.png 1 232 156 187 58
frame1463.png 1 277 203 293 116
frame1464.png 1 208 117 114 51
frame1465.png 1 270 50 150 70
frame1466.png 1 90 155 407 149
frame1467.png 1 304 162 217 67
frame1468.png 1 206 124 264 106
frame1469.png 1 121 223 335 155
frame1470.png 1 101 270 295 104
frame1471.png 1 124 40 346 234
frame1472.png 1 259 91 273 95
frame1474.png 1 251 161 289 124
frame1475.png 1 84 42 346 215
frame1477.png 1 178 235 185 84
frame1478.png 1 63 43 396 260
frame1481.png 1 257 136 291 152
frame1482.png 1 58 206 357 160
frame1483.png 1 165 122 328 93
frame1484.png 1 225 208 282 103
frame1486.png 1 308 267 179 97
frame1487.png 1 197 251 290 147
frame1488.png 1 224 217 345 139
frame1489.png 1 162 137 335 122
frame1490.png 1 237 196 288 117
frame1491.png 1 337 199 240 96
frame1492.png 1 138 66 317 218
frame1493.png 1 339 165 214 128
frame1494.png 1 265 76 156 68
frame1495.png 1 205 227 188 109
frame1496.png 1 239 214 249 122
frame1497.png 1 296 201 157 86
frame1498.png 1 278 129 185 85
frame1499.png 1 227 121 334 173
frame1500.png 1 186 166 307 140
frame1501.png 1 206 258 282 138
frame1502.png 1 191 214 302 153
frame1503.png 1 240 139 317 149
frame1504.png 1 136 115 328 140
frame1505.png 1 67 170 310 143
frame1506.png 1 206 221 254 104
frame1507.png 1 129 188 307 128
frame1508.png 1 208 57 125 53
frame1509.png 1 195 233 176 83
frame1510.png 1 209 238 154 86
frame1511.png 1 8 80 406 223
frame1512.png 1 100 212 358 233
frame1513.png 1 317 264 193 108
frame1514.png 1 184 17 293 145
frame1516.png 1 134 106 244 120
frame1517.png 1 238 153 258 87
frame1518.png 1 223 111 262 93
frame1519.png 1 199 236 183 99
frame1520.png 1 101 88 342 235
frame1521.png 1 164 73 293 129
frame1522.png 1 255 72 174 93
frame1524.png 1 331 198 233 101
frame1525.png 1 94 24 287 169
frame1526.png 1 267 247 196 100
frame1527.png 1 250 218 213 117
frame1528.png 1 55 264 301 102
frame1529.png 1 341 193 234 108
frame1530.png 1 258 163 265 122
frame1531.png 1 275 171 238 67
frame1532.png 1 213 236 162 83
frame1533.png 1 271 124 270 87
frame1534.png 1 78 233 340 129
frame1535.png 1 231 177 287 88
frame1536.png 1 318 278 170 83
frame1537.png 1 214 250 243 96
frame1538.png 1 329 218 202 90
frame1539.png 1 18 172 306 115
frame1540.png 1 84 43 433 298
frame1541.png 1 68 234 269 85
frame1542.png 1 136 64 371 219
frame1543.png 1 309 79 147 73
frame1544.png 1 213 207 278 142
frame1545.png 1 102 183 253 85
frame1546.png 1 205 83 299 122
frame1547.png 1 318 272 156 90
frame1549.png 1 204 252 198 84
frame1550.png 1 186 273 241 75
frame1551.png 1 279 53 140 54
frame1552.png 1 327 290 167 71
frame1553.png 1 122 203 237 102
frame1554.png 1 34 246 290 87
frame1556.png 1 123 228 240 81
frame1558.png 1 252 187 292 99
frame1559.png 1 242 78 240 114
frame1560.png 1 9 12 373 289
frame1561.png 1 222 180 290 88
frame1562.png 1 253 179 261 108
frame1563.png 1 212 178 222 111
frame1564.png 1 225 138 249 113
frame1565.png 1 93 257 309 110
frame1566.png 1 319 267 166 88
frame1567.png 1 104 53 405 284
frame1568.png 1 297 162 160 72
frame1569.png 1 153 124 286 93
frame1570.png 1 26 266 244 114
frame1571.png 1 161 218 253 104
frame1572.png 1 274 217 302 90
frame1573.png 1 181 93 351 186
frame1574.png 1 76 165 290 112
frame1575.png 1 313 253 170 86
frame1576.png 1 340 188 226 102
frame1577.png 1 231 248 218 104
frame1578.png 1 320 269 160 98
frame1579.png 1 163 105 174 78
frame1580.png 1 43 107 466 235
frame1582.png 1 208 236 247 104
frame1583.png 1 260 178 270 111
frame1584.png 1 353 260 268 85
frame1586.png 1 117 164 315 109
frame1587.png 1 239 165 296 115
frame1588.png 1 424 241 174 83
frame1589.png 1 295 80 162 80
frame1590.png 1 322 268 170 105
frame1591.png 1 154 279 275 104
frame1592.png 1 306 269 176 88
frame1593.png 1 215 59 118 53
frame1594.png 1 339 189 219 107
frame1595.png 1 133 182 240 120
frame1596.png 1 230 159 187 64
frame1597.png 1 324 260 170 98
frame1598.png 1 156 168 300 86
frame1599.png 1 231 216 286 128
frame1600.png 1 196 236 271 103
frame1601.png 1 258 146 196 48
frame1602.png 1 205 254 187 83
frame1603.png 1 84 81 349 230
frame1604.png 1 200 256 207 77
frame1605.png 1 111 109 283 150
frame1606.png 1 233 119 261 79
frame1607.png 1 51 261 231 103
frame1608.png 1 244 207 261 109
frame1609.png 1 197 245 171 74
frame1610.png 1 260 171 268 106
frame1611.png 1 211 183 295 75
frame1612.png 1 73 169 261 88
frame1613.png 1 275 126 262 78
frame1614.png 1 324 270 163 94
frame1616.png 1 415 254 177 83
frame1617.png 1 305 269 175 88
frame1618.png 1 348 245 200 94
frame1619.png 1 238 186 298 94
frame1620.png 1 344 202 225 96
frame1621.png 1 103 244 285 93
frame1622.png 1 228 256 187 84
frame1623.png 1 170 262 375 169
frame1624.png 1 163 118 357 170
frame1625.png 1 201 12 146 60
frame1626.png 1 332 197 222 105
frame1627.png 1 332 277 167 89
frame1628.png 1 245 146 280 131
frame1629.png 1 178 196 268 148
frame1630.png 1 171 255 217 82
frame1631.png 1 341 244 272 83
frame1632.png 1 332 203 228 101
frame1633.png 1 125 42 391 259
frame1634.png 1 254 156 294 78
frame1635.png 1 288 236 241 102
frame1636.png 1 308 76 144 77
frame1637.png 1 264 81 169 74
frame1638.png 1 242 153 304 123
frame1639.png 1 231 200 246 119
frame1640.png 1 211 264 274 108
frame1641.png 1 318 217 213 102
frame1642.png 1 251 148 185 67
frame1643.png 1 93 257 217 106
frame1644.png 1 329 267 154 85
frame1645.png 1 258 168 287 119
frame1646.png 1 254 157 286 128
frame1647.png 1 231 217 251 97
frame1648.png 1 237 181 291 96
frame1649.png 1 72 49 399 214
frame1650.png 1 310 275 191 81
frame1651.png 1 321 279 157 79
frame1652.png 1 197 48 118 62
frame1653.png 1 217 237 203 107
frame1654.png 1 269 217 260 107
frame1655.png 1 128 63 225 202
frame1656.png 1 263 218 279 116
frame1658.png 1 310 261 170 105
frame1659.png 1 207 107 283 105
frame1660.png 1 339 189 217 114
frame1661.png 1 333 247 159 79
frame1662.png 1 153 85 238 115
frame1663.png 1 293 284 174 87
frame1664.png 1 250 62 188 100
frame1665.png 1 115 257 207 95
frame1666.png 1 121 17 306 154
frame1667.png 1 219 115 104 50
frame1668.png 1 268 169 137 59
frame1669.png 1 333 198 234 96
frame1670.png 1 282 133 264 69
frame1671.png 1 183 164 269 111
frame1672.png 1 224 208 279 137
frame1673.png 1 246 242 182 61
frame1675.png 1 106 106 386 265
frame1676.png 1 36 100 402 232
frame1677.png 1 258 169 291 116
frame1678.png 1 350 204 204 86
frame1679.png 1 261 105 306 97
frame1680.png 1 310 267 241 91
frame1681.png 1 121 182 275 89
frame1682.png 1 50 89 384 267
frame1683.png 1 57 263 234 95
frame1684.png 1 327 180 230 115
frame1685.png 1 307 269 175 107
frame1687.png 1 135 176 218 85
frame1688.png 1 46 51 422 215
frame1689.png 1 276 226 272 118
frame1691.png 1 200 238 189 93
frame1692.png 1 272 217 271 115
frame1693.png 1 320 272 165 88
frame1694.png 1 180 65 270 146
frame1695.png 1 300 75 161 79
frame1696.png 1 133 190 245 122
frame1697.png 1 255 228 299 93
frame1698.png 1 256 224 283 97
frame1699.png 1 321 272 158 85
frame1700.png 1 341 195 222 99
frame1701.png 1 134 270 220 72
frame1703.png 1 120 199 254 96
frame1704.png 1 228 227 310 94
frame1705.png 1 288 154 294 109
frame1706.png 1 276 241 257 99
frame1707.png 1 249 184 284 96
frame1708.png 1 103 234 433 159
frame1709.png 1 167 95 413 244
frame1710.png 1 126 255 216 67
frame1711.png 1 265 189 271 67
frame1713.png 1 214 217 306 123
frame1714.png 1 259 263 249 99
frame1715.png 1 322 242 188 87
frame1716.png 1 319 273 175 88
frame1717.png 1 164 229 206 64
frame1718.png 1 95 54 295 157
frame1719.png 1 120 234 330 153
frame1720.png 1 229 232 282 100
frame1721.png 1 189 214 277 72
frame1722.png 1 137 276 460 202
frame1724.png 1 343 183 236 127
frame1725.png 1 195 66 290 171
frame1726.png 1 163 174 265 96
frame1728.png 1 204 253 186 94
frame1729.png 1 196 26 127 64
frame1732.png 1 250 140 288 145
frame1733.png 1 36 103 294 198
frame1735.png 1 323 266 162 103
frame1736.png 1 315 245 246 104
frame1737.png 1 304 265 180 97
frame1738.png 1 109 255 204 95
frame1739.png 1 224 256 347 157
frame1740.png 1 208 242 156 67
frame1741.png 1 333 195 238 103
frame1742.png 1 319 273 161 94
frame1745.png 1 224 206 290 147
frame1746.png 1 322 266 160 98
frame1747.png 1 205 85 113 55
frame1748.png 1 205 174 230 109
frame1749.png 1 195 240 290 108
frame1750.png 1 60 73 297 200
frame1751.png 1 106 189 250 102
frame1752.png 1 217 219 262 98
frame1753.png 1 111 217 262 111
frame1754.png 1 269 310 261 113
frame1755.png 1 123 201 288 120
frame1756.png 1 65 246 251 84
frame1757.png 1 345 200 231 100
frame1758.png 1 132 197 247 102
frame1759.png 1 231 60 118 61
frame1760.png 1 247 143 181 71
frame1761.png 1 226 243 192 113
frame1762.png 1 130 201 283 107
frame1763.png 1 165 201 316 119
frame1764.png 1 134 112 382 173
frame1765.png 1 261 183 212 83
frame1766.png 1 306 269 165 89
frame1767.png 1 314 275 176 86
frame1768.png 1 136 211 239 79
frame1769.png 1 323 272 162 86
frame1771.png 1 217 207 226 87
frame1772.png 1 351 237 181 87
frame1773.png 1 50 123 351 256
frame1774.png 1 207 86 255 201
frame1775.png 1 251 141 294 148
frame1776.png 1 155 209 259 124
frame1777.png 1 195 208 301 107
frame1778.png 1 339 188 234 111
frame1779.png 1 190 161 297 82
frame1780.png 1 60 248 294 104
frame1781.png 1 276 233 254 108
frame1782.png 1 104 222 426 155
frame1783.png 1 310 272 172 87
frame1784.png 1 66 173 244 83
frame1785.png 1 279 69 247 102
frame1786.png 1 165 84 287 143
frame1787.png 1 71 163 242 87
frame1788.png 1 316 263 170 94
frame1789.png 1 196 47 158 70
frame1790.png 1 277 233 267 112
frame1791.png 1 128 64 375 223
frame1792.png 1 91 239 287 110
frame1793.png 1 90 153 264 118
frame1794.png 1 219 84 297 205
frame1795.png 1 223 224 305 106
frame1796.png 1 242 103 108 42
frame1798.png 1 250 176 277 102
frame1799.png 1 374 245 174 87
frame1800.png 1 57 207 228 89
frame1801.png 1 148 68 318 183
frame1802.png 1 93 259 209 99
frame1803.png 1 301 70 157 84
frame1804.png 1 200 240 219 112
frame1805.png 1 349 170 218 128
frame1806.png 1 265 102 281 112
frame1807.png 1 171 251 220 106
frame1808.png 1 209 136 282 112
frame1809.png 1 322 269 177 94
frame1810.png 1 235 212 253 113
frame1811.png 1 319 264 182 108
frame1812.png 1 338 197 239 93
frame1813.png 1 339 186 211 117
frame1814.png 1 158 213 240 113
frame1815.png 1 163 20 276 137
frame1817.png 1 253 141 286 142
frame1818.png 1 81 56 344 201
frame1819.png 1 258 91 275 101
frame1820.png 1 335 177 226 121
frame1821.png 1 317 263 158 93
frame1822.png 1 221 112 105 53
frame1823.png 1 101 150 261 82
frame1824.png 1 217 59 109 53
frame1825.png 1 196 150 292 136
frame1826.png 1 169 73 277 158
frame1827.png 1 128 157 379 124
frame1828.png 1 246 149 259 89
frame1829.png 1 253 83 215 123
frame1830.png 1 158 268 256 76
frame1831.png 1 320 279 159 84
frame1832.png 1 155 297 267 98
frame1833.png 1 312 283 175 79
frame1834.png 1 122 257 251 83
frame1835.png 1 295 87 148 66
frame1837.png 1 53 269 324 133
frame1838.png 1 264 164 270 94
frame1840.png 1 213 246 197 94
frame1842.png 1 271 74 154 77
frame1843.png 1 251 144 284 132
frame1844.png 1 118 217 287 130
frame1845.png 1 249 54 176 73
frame1846.png 1 166 79 242 126
frame1847.png 1 138 175 308 98
frame1848.png 1 192 248 194 107
frame1849.png 1 162 249 189 94
frame1850.png 1 314 265 157 102
frame1852.png 1 313 214 287 97
frame1853.png 1 273 221 254 118
frame1854.png 1 217 244 190 98
frame1855.png 1 265 247 286 99
frame1856.png 1 319 269 157 91
frame1857.png 1 36 130 494 316
frame1858.png 1 180 96 285 198
frame1860.png 1 374 233 188 105
frame1861.png 1 208 236 180 93
frame1862.png 1 333 187 248 119
frame1863.png 1 220 112 113 51
frame1864.png 1 342 214 273 114
frame1865.png 1 90 298 540 176
frame1866.png 1 214 108 108 53
frame1867.png 1 130 233 505 191
frame1868.png 1 198 242 181 88
frame1869.png 1 296 73 138 75
frame1870.png 1 195 159 228 104
frame1871.png 1 94 46 359 221
frame1872.png 1 195 52 229 123
frame1873.png 1 287 75 156 86
frame1874.png 1 54 249 366 123
frame1875.png 1 48 148 287 180
frame1876.png 1 238 150 100 46
frame1877.png 1 187 169 304 114
frame1879.png 1 198 204 244 61
frame1880.png 1 193 123 335 146
frame1881.png 1 244 291 179 62
frame1882.png 1 331 251 173 72
frame1883.png 1 41 182 279 90
frame1884.png 1 190 144 276 103
frame1885.png 1 335 177 228 111
frame1886.png 1 266 85 161 63
frame1887.png 1 213 311 286 122
frame1888.png 1 320 281 165 80
frame1889.png 1 221 284 271 105
frame1890.png 1 211 185 205 109
frame1891.png 1 280 232 199 67
frame1892.png 1 190 164 299 117
frame1893.png 1 312 272 161 79
frame1894.png 1 200 215 225 118
frame1895.png 1 108 260 200 92
frame1896.png 1 261 250 188 98
frame1897.png 1 156 296 297 104
frame1898.png 1 282 277 184 72
frame1899.png 1 202 16 112 58
frame1900.png 1 248 164 304 123
frame1901.png 1 175 163 269 120
frame1902.png 1 217 67 106 48
frame1903.png 1 222 266 292 141
frame1904.png 1 93 48 387 215
frame1905.png 1 183 176 444 275
frame1906.png 1 79 81 307 148
frame1907.png 1 325 261 157 98
frame1908.png 1 170 167 174 78
frame1909.png 1 230 244 224 104
frame1910.png 1 247 143 289 139
frame1911.png 1 277 75 153 78
frame1912.png 1 154 192 242 145
frame1913.png 1 62 227 402 154
frame1914.png 1 190 251 197 101
frame1915.png 1 265 235 360 122
frame1916.png 1 79 80 397 188
frame1917.png 1 230 245 207 106
frame1918.png 1 117 203 314 113
frame1919.png 1 331 205 247 95
frame1920.png 1 41 249 247 93
frame1921.png 1 181 56 249 146
frame1922.png 1 260 164 281 113
frame1923.png 1 300 237 265 90
frame1924.png 1 37 104 364 243
frame1925.png 1 76 253 206 99
frame1926.png 1 140 235 236 82
frame1927.png 1 270 57 292 116
frame1928.png 1 330 236 184 91
frame1929.png 1 310 271 182 91
frame1931.png 1 309 78 157 82
frame1932.png 1 278 114 178 71
frame1933.png 1 217 225 275 79
frame1934.png 1 260 69 235 119
frame1935.png 1 50 60 388 211
frame1936.png 1 50 141 284 134
frame1937.png 1 149 56 309 142
frame1938.png 1 232 141 107 55
frame1939.png 1 251 175 288 104
frame1941.png 1 311 235 255 100
frame1942.png 1 244 157 286 137
frame1943.png 1 307 235 265 115
frame1944.png 1 182 188 196 69
frame1945.png 1 267 169 284 108
frame1946.png 1 378 248 192 85
frame1947.png 1 310 128 188 70
frame1948.png 1 312 276 171 91
frame1949.png 1 259 142 298 140
frame1950.png 1 296 264 185 92
frame1951.png 1 206 199 358 257
frame1952.png 1 4 56 440 235
frame1953.png 1 311 262 189 102
frame1954.png 1 194 158 299 106
frame1955.png 1 203 58 142 75
frame1956.png 1 270 74 165 79
frame1957.png 1 336 191 217 108
frame1958.png 1 233 211 270 103
frame1959.png 1 171 132 167 70
frame1960.png 1 235 216 250 121
frame1961.png 1 173 161 337 223
frame1962.png 1 247 200 269 105
frame1963.png 1 241 121 109 54
frame1964.png 1 237 160 194 55
frame1965.png 1 223 196 268 150
frame1966.png 1 227 249 221 117
frame1967.png 1 321 275 167 76
frame1968.png 1 399 250 216 114
frame1969.png 1 259 226 266 111
frame1970.png 1 217 252 238 83
frame1971.png 1 68 274 282 89
frame1972.png 1 220 231 262 107
frame1974.png 1 78 170 506 185
frame1975.png 1 160 294 267 111
frame1977.png 1 376 220 255 84
frame1978.png 1 322 232 183 110
frame1979.png 1 250 144 286 146
frame1980.png 1 324 172 238 134
frame1981.png 1 45 103 397 193
frame1982.png 1 294 207 263 123
frame1983.png 1 314 258 164 92
frame1985.png 1 318 267 168 96
frame1986.png 1 155 282 283 116
frame1987.png 1 342 206 227 95
frame1988.png 1 258 225 258 106
frame1989.png 1 204 255 211 99
frame1990.png 1 203 252 194 96
frame1992.png 1 329 183 229 119
frame1993.png 1 288 163 169 84
frame1994.png 1 39 249 278 89
frame1995.png 1 127 256 211 94
frame1996.png 1 21 73 344 298
frame1997.png 1 202 239 180 90
frame1998.png 1 309 262 176 95
frame1999.png 1 313 264 173 93
frame2000.png 1 120 250 451 166
frame2001.png 1 71 253 209 102
frame2002.png 1 320 271 164 96
frame2004.png 1 216 252 265 133
frame2005.png 1 162 265 243 140
frame2006.png 1 129 267 339 189
frame2007.png 1 264 115 368 156
frame2008.png 1 190 128 164 76
frame2009.png 1 283 125 172 64
frame2010.png 1 237 152 281 131
frame2011.png 1 317 266 156 93
frame2012.png 1 39 62 516 240
frame2013.png 1 313 262 173 102
frame2014.png 1 115 2 356 241
frame2015.png 1 299 210 247 95
frame2016.png 1 324 271 152 100
frame2017.png 1 111 183 242 116
frame2018.png 1 267 145 276 65
frame2019.png 1 276 254 220 98
frame2020.png 1 211 242 164 85
frame2021.png 1 112 204 322 106
frame2023.png 1 235 201 301 103
frame2024.png 1 150 217 259 109
frame2025.png 1 238 168 287 115
frame2026.png 1 50 97 331 259
frame2028.png 1 115 19 212 227
frame2029.png 1 100 38 387 217
frame2030.png 1 85 166 307 117
frame2031.png 1 12 89 415 213
frame2032.png 1 55 155 271 87
frame2033.png 1 165 69 467 386
frame2034.png 1 321 268 174 92
frame2035.png 1 267 154 225 53
frame2036.png 1 283 174 173 48
frame2037.png 1 273 86 145 63
frame2038.png 1 134 198 231 97
frame2039.png 1 299 90 153 62
frame2040.png 1 256 78 275 104
frame2041.png 1 235 122 232 108
frame2042.png 1 159 170 288 83
frame2043.png 1 191 244 177 81
frame2045.png 1 221 271 253 97
frame2046.png 1 113 154 212 79
frame2047.png 1 168 92 290 149
frame2048.png 1 64 245 285 106
frame2049.png 1 255 172 280 110
frame2050.png 1 157 47 167 65
frame2051.png 1 248 167 279 64
frame2052.png 1 333 208 195 98
frame2053.png 1 252 313 263 104
frame2054.png 1 236 65 106 49
frame2055.png 1 174 193 177 69
frame2056.png 1 333 196 241 100
frame2057.png 1 169 138 160 69
frame2058.png 1 314 272 164 80
frame2059.png 1 330 199 224 103
frame2061.png 1 242 159 298 125
frame2062.png 1 335 156 263 119
frame2063.png 1 283 249 267 86
frame2064.png 1 240 154 295 122
frame2065.png 1 23 65 426 205
frame2066.png 1 238 213 291 110
frame2067.png 1 299 270 178 81
frame2068.png 1 325 280 150 76
frame2069.png 1 256 166 273 122
frame2070.png 1 197 162 284 121
frame2071.png 1 322 273 159 85
frame2073.png 1 104 97 491 334
frame2074.png 1 92 71 545 409
frame2075.png 1 254 175 289 103
frame2076.png 1 250 166 283 120
frame2077.png 1 288 129 288 79
frame2078.png 1 149 303 281 91
frame2079.png 1 233 114 102 49
frame2080.png 1 252 273 201 74
frame2081.png 1 261 236 157 59
frame2082.png 1 85 193 270 114
frame2083.png 1 249 212 248 99
frame2084.png 1 114 170 285 111
frame2085.png 1 178 53 329 151
frame2086.png 1 88 80 369 207
frame2087.png 1 240 262 186 54
frame2088.png 1 81 258 256 78
frame2089.png 1 129 112 235 130
frame2090.png 1 153 255 412 163
frame2091.png 1 182 60 272 136
frame2092.png 1 223 230 251 92
frame2093.png 1 291 128 161 66
frame2094.png 1 219 112 111 52
frame2095.png 1 319 263 158 93
frame2096.png 1 175 59 232 131
frame2097.png 1 335 141 194 66
frame2098.png 1 292 133 157 72
frame2099.png 1 261 146 267 140
frame2100.png 1 227 183 289 93
frame2101.png 1 288 234 190 68
frame2102.png 1 326 199 231 96
frame2103.png 1 259 170 287 119
frame2104.png 1 200 228 157 74
frame2105.png 1 149 302 282 88
frame2106.png 1 244 176 314 116
frame2107.png 1 185 216 160 76
frame2108.png 1 279 131 164 70
frame2109.png 1 36 122 440 197
frame2110.png 1 248 163 296 121
frame2111.png 1 96 50 204 186
frame2112.png 1 27 47 499 319
frame2113.png 1 152 156 290 99
frame2114.png 1 252 168 276 114
frame2115.png 1 217 262 200 92
frame2116.png 1 431 249 176 91
frame2117.png 1 246 170 287 110
frame2118.png 1 170 186 221 65
frame2119.png 1 95 95 436 385
frame2120.png 1 97 37 414 292
frame2121.png 1 303 187 263 110
frame2122.png 1 103 148 375 189
frame2123.png 1 213 243 265 95
frame2124.png 1 214 39 126 60
frame2126.png 1 281 148 178 55
frame2127.png 1 56 135 281 178
frame2128.png 1 201 72 252 142
frame2129.png 1 113 221 320 92
frame2130.png 1 111 261 338 85
frame2131.png 1 92 218 548 179
frame2132.png 1 250 213 262 88
frame2133.png 1 164 255 198 95
frame2134.png 1 96 260 217 94
frame2135.png 1 63 155 286 124
frame2136.png 1 92 192 238 80
frame2137.png 1 87 290 211 77
frame2139.png 1 194 45 158 62
frame2140.png 1 336 197 228 102
frame2141.png 1 187 203 301 114
frame2142.png 1 218 119 118 47
frame2143.png 1 312 269 178 88
frame2144.png 1 211 207 287 101
frame2145.png 1 305 79 155 71
frame2146.png 1 45 214 265 77
frame2147.png 1 127 74 276 162
frame2148.png 1 201 243 195 88
frame2149.png 1 336 235 168 90
frame2150.png 1 296 193 150 73
frame2151.png 1 88 43 367 229
frame2152.png 1 94 237 245 94
frame2153.png 1 168 199 204 76
frame2154.png 1 152 79 351 212
frame2155.png 1 146 146 327 106
frame2156.png 1 186 223 251 92
frame2157.png 1 151 304 272 82
frame2158.png 1 207 272 249 99
frame2160.png 1 257 170 270 109
frame2161.png 1 114 274 211 71
frame2162.png 1 132 223 495 190
frame2163.png 1 98 182 209 69
frame2164.png 1 351 229 286 94
frame2165.png 1 68 197 267 110
frame2166.png 1 42 126 433 188
frame2167.png 1 276 76 157 82
frame2168.png 1 117 180 332 294
frame2169.png 1 219 242 236 119
frame2170.png 1 214 169 269 113
frame2172.png 1 247 167 281 116
frame2173.png 1 130 77 191 197
frame2174.png 1 336 200 203 110
frame2175.png 1 108 61 330 256
frame2176.png 1 232 72 223 73
frame2177.png 1 290 227 185 80
frame2178.png 1 227 68 122 64
frame2179.png 1 269 165 147 59
frame2180.png 1 262 48 150 66
frame2181.png 1 84 67 511 275
frame2182.png 1 112 220 290 100
frame2183.png 1 338 196 210 104
frame2184.png 1 99 250 295 101
frame2185.png 1 65 38 406 222
frame2186.png 1 125 253 205 106
frame2187.png 1 313 212 206 104
frame2188.png 1 151 307 296 95
frame2189.png 1 200 87 110 45
frame2190.png 1 82 253 293 114
frame2191.png 1 105 162 378 207
frame2192.png 1 195 233 179 92
frame2193.png 1 297 252 184 101
frame2194.png 1 58 69 464 260
frame2195.png 1 252 155 298 128
frame2196.png 1 273 154 184 62
frame2197.png 1 45 149 442 196
frame2198.png 1 172 154 288 103
frame2199.png 1 123 124 419 217
frame2200.png 1 326 231 157 86
frame2201.png 1 201 249 190 89
frame2202.png 1 243 147 108 47
frame2203.png 1 276 87 266 102
frame2204.png 1 183 230 172 83
frame2205.png 1 162 192 414 176
frame2206.png 1 159 240 405 139
frame2207.png 1 314 269 175 95
frame2208.png 1 308 175 152 65
frame2209.png 1 259 245 270 110
frame2210.png 1 237 242 208 119
frame2211.png 1 213 113 113 58
frame2212.png 1 83 43 238 197
frame2213.png 1 283 80 162 74
frame2214.png 1 260 153 181 74
frame2216.png 1 37 7 347 193
frame2217.png 1 195 217 240 77
frame2219.png 1 326 279 165 82
frame2220.png 1 323 148 197 80
frame2221.png 1 163 205 342 268
frame2222.png 1 229 46 119 49
frame2223.png 1 121 197 296 111
frame2224.png 1 279 84 156 65
frame2225.png 1 321 192 236 106
frame2226.png 1 169 82 230 124
frame2227.png 1 112 206 330 121
frame2228.png 1 344 181 208 110
frame2229.png 1 37 166 461 140
frame2230.png 1 289 87 148 66
frame2231.png 1 236 163 293 121
frame2232.png 1 198 232 157 69
frame2233.png 1 223 161 173 57
frame2235.png 1 242 213 284 103
frame2236.png 1 269 170 154 55
frame2238.png 1 227 102 217 106
frame2239.png 1 337 159 228 117
frame2240.png 1 31 57 424 210
frame2241.png 1 56 15 328 253
frame2242.png 1 54 110 332 242
frame2243.png 1 231 69 115 56
frame2244.png 1 70 64 366 234
frame2245.png 1 321 268 166 92
frame2246.png 1 167 209 300 103
frame2247.png 1 260 178 270 107
frame2248.png 1 269 47 161 77
frame2249.png 1 129 193 221 87
frame2250.png 1 320 273 160 77
frame2251.png 1 166 106 159 78
frame2252.png 1 254 227 288 91
frame2253.png 1 160 301 266 93
frame2254.png 1 310 287 176 65
frame2255.png 1 208 63 125 58
frame2256.png 1 207 159 307 110
frame2257.png 1 307 103 145 65
frame2258.png 1 203 195 228 146
frame2259.png 1 180 250 406 172
frame2260.png 1 305 156 192 85
frame2261.png 1 100 38 195 193
frame2262.png 1 100 38 202 215
frame2263.png 1 324 250 181 76
frame2264.png 1 209 105 232 141
frame2265.png 1 111 226 287 124
frame2266.png 1 251 178 279 113
frame2267.png 1 249 259 199 92
frame2268.png 1 189 236 255 129
frame2269.png 1 335 208 225 87
frame2271.png 1 325 265 158 92
frame2272.png 1 233 175 243 111
frame2273.png 1 256 259 249 130
frame2274.png 1 301 182 195 77
frame2275.png 1 147 240 236 81
frame2276.png 1 168 222 472 193
frame2277.png 1 261 175 271 90
frame2278.png 1 148 216 228 77
frame2279.png 1 198 264 172 55
frame2280.png 1 319 294 164 69
frame2281.png 1 305 167 149 50
frame2282.png 1 183 259 260 85
frame2283.png 1 384 257 187 68
frame2284.png 1 72 287 203 74
frame2285.png 1 278 269 194 85
frame2286.png 1 180 266 379 158
frame2287.png 1 332 188 228 102
frame2288.png 1 199 173 154 60
frame2289.png 1 285 53 138 52
frame2290.png 1 223 130 100 42
frame2292.png 1 2 41 502 269
frame2293.png 1 313 292 172 73
frame2294.png 1 147 110 302 92
frame2295.png 1 314 270 162 97
frame2296.png 1 517 214 111 89
frame2297.png 1 267 262 272 86
frame2298.png 1 231 303 250 108
frame2299.png 1 254 94 262 99
frame2300.png 1 33 162 374 220
frame2301.png 1 208 81 219 79
frame2302.png 1 306 214 156 78
frame2304.png 1 160 62 159 71
frame2305.png 1 143 164 283 87
frame2306.png 1 209 252 233 83
frame2307.png 1 205 242 163 80
frame2308.png 1 15 249 258 99
frame2309.png 1 246 74 243 118
frame2310.png 1 169 261 223 79
frame2311.png 1 267 76 153 62
frame2312.png 1 320 235 174 81
frame2313.png 1 142 204 281 109
frame2314.png 1 40 244 269 85
frame2315.png 1 243 290 258 126
frame2316.png 1 197 147 277 94
frame2317.png 1 256 187 286 93
frame2318.png 1 177 69 221 139
frame2319.png 1 343 184 237 117
frame2320.png 1 92 28 342 220
frame2321.png 1 243 158 293 121
frame2322.png 1 127 193 240 106
frame2323.png 1 117 176 231 105
frame2324.png 1 249 166 285 105
frame2325.png 1 131 165 290 121
frame2326.png 1 269 97 148 61
frame2327.png 1 245 169 282 114
frame2328.png 1 68 72 442 210
frame2329.png 1 84 129 527 336
frame2330.png 1 186 153 296 121
frame2331.png 1 200 103 155 74
frame2332.png 1 4 19 478 281
frame2333.png 1 179 250 213 97
frame2334.png 1 231 239 202 125
frame2335.png 1 251 147 301 139
frame2336.png 1 381 238 236 126
frame2337.png 1 271 146 251 99
frame2338.png 1 98 63 345 229
frame2339.png 1 92 247 354 117
frame2340.png 1 8 16 406 248
frame2341.png 1 331 194 232 107
frame2342.png 1 319 280 161 82
frame2343.png 1 245 55 204 101
frame2344.png 1 167 234 377 140
frame2345.png 1 197 241 173 79
frame2346.png 1 238 150 101 46
frame2347.png 1 139 150 293 134
frame2348.png 1 134 243 362 169
frame2349.png 1 276 86 150 64
frame2350.png 1 100 252 294 115
frame2351.png 1 80 146 301 172
frame2352.png 1 246 81 109 63
frame2353.png 1 257 215 253 111
frame2354.png 1 225 91 276 151
frame2355.png 1 219 85 217 53
frame2356.png 1 102 262 277 95
frame2357.png 1 313 286 160 70
frame2358.png 1 208 243 148 77
frame2359.png 1 158 174 461 156
frame2360.png 1 253 195 279 118
frame2361.png 1 338 211 221 90
frame2362.png 1 56 262 304 87
frame2363.png 1 276 177 258 74
frame2364.png 1 15 82 481 230
frame2365.png 1 61 257 243 76
frame2366.png 1 219 114 97 51
frame2367.png 1 143 184 220 97
frame2368.png 1 264 249 265 98
frame2369.png 1 292 89 163 70
frame2370.png 1 208 246 177 89
frame2371.png 1 317 278 162 83
frame2372.png 1 285 230 252 110
frame2373.png 1 135 155 411 187
frame2374.png 1 318 274 158 80
frame2375.png 1 348 195 219 107
frame2376.png 1 327 279 164 87
frame2377.png 1 212 262 234 79
frame2378.png 1 309 282 174 77
frame2379.png 1 118 214 288 122
frame2380.png 1 173 169 154 59
frame2381.png 1 367 251 262 80
frame2382.png 1 76 148 440 223
frame2383.png 1 43 243 248 81
frame2384.png 1 306 282 175 74
frame2385.png 1 220 251 158 84
frame2386.png 1 341 240 261 76
frame2388.png 1 192 90 212 119
frame2389.png 1 51 98 455 229
frame2390.png 1 338 202 208 104
frame2391.png 1 196 263 186 75
frame2392.png 1 334 262 191 98
frame2393.png 1 264 85 250 100
frame2394.png 1 178 96 361 183
frame2395.png 1 230 204 314 105
frame2396.png 1 333 244 167 81
frame2397.png 1 322 231 167 76
frame2398.png 1 194 204 242 143
frame2399.png 1 40 164 276 119
frame2400.png 1 159 173 269 88
frame2403.png 1 268 56 145 65
frame2404.png 1 231 170 299 115
frame2405.png 1 262 235 246 95
frame2406.png 1 251 178 301 114
frame2408.png 1 189 219 229 86
frame2409.png 1 181 213 164 68
frame2410.png 1 336 144 267 113
frame2411.png 1 309 295 168 65
frame2412.png 1 122 167 220 78
frame2413.png 1 182 215 234 87
frame2414.png 1 163 167 399 125
frame2415.png 1 125 270 215 80
frame2416.png 1 74 270 218 89
frame2417.png 1 235 211 258 104
frame2418.png 1 94 75 363 211
frame2420.png 1 325 273 162 88
frame2421.png 1 318 279 162 76
frame2422.png 1 266 176 170 97
frame2423.png 1 243 171 305 115
frame2424.png 1 191 179 160 74
frame2425.png 1 84 27 223 189
frame2426.png 1 188 210 157 76
frame2427.png 1 9 23 527 268
frame2428.png 1 306 238 194 106
frame2429.png 1 322 269 158 95
frame2431.png 1 244 152 288 129
frame2432.png 1 192 260 255 87
frame2433.png 1 236 209 270 146
frame2435.png 1 321 193 230 98
frame2436.png 1 132 265 208 93
frame2437.png 1 267 247 265 83
frame2438.png 1 337 166 250 119
frame2439.png 1 239 171 299 113
frame2440.png 1 49 207 278 123
frame2441.png 1 179 178 158 73
frame2442.png 1 216 135 116 41
frame2444.png 1 165 222 207 62
frame2445.png 1 241 86 266 108
frame2446.png 1 251 248 258 89
frame2447.png 1 199 256 168 74
frame2448.png 1 316 279 168 84
frame2449.png 1 313 291 165 72
frame2450.png 1 83 171 243 84
frame2451.png 1 177 221 206 55
frame2452.png 1 300 217 162 75
frame2453.png 1 204 204 298 83
frame2454.png 1 328 198 230 95
frame2455.png 1 252 182 284 105
frame2457.png 1 151 229 262 107
frame2458.png 1 195 164 193 58
frame2459.png 1 40 255 278 81
frame2460.png 1 5 103 311 172
frame2461.png 1 394 227 237 81
frame2462.png 1 110 256 278 98
frame2463.png 1 216 91 214 66
frame2464.png 1 201 255 235 81
frame2466.png 1 316 243 191 79
frame2467.png 1 274 91 147 65
frame2469.png 1 388 257 200 80
frame2470.png 1 230 262 199 94
frame2471.png 1 286 208 171 75
frame2472.png 1 238 101 107 49
frame2473.png 1 275 137 275 77
frame2474.png 1 222 115 98 53
frame2475.png 1 168 203 414 168
frame2476.png 1 64 239 338 121
frame2477.png 1 55 232 271 103
frame2478.png 1 244 317 278 110
frame2479.png 1 336 257 171 75
frame2480.png 1 243 241 224 94
frame2481.png 1 345 203 211 91
frame2482.png 1 244 166 102 39
frame2483.png 1 207 217 232 89
frame2484.png 1 198 145 268 105
frame2485.png 1 138 57 324 220
frame2486.png 1 242 250 195 95
frame2487.png 1 155 179 298 117
frame2488.png 1 374 256 179 78
frame2489.png 1 224 204 199 125
frame2491.png 1 281 244 266 160
frame2493.png 1 267 91 153 60
frame2494.png 1 242 213 260 103
frame2495.png 1 236 155 295 132
frame2496.png 1 225 64 247 122
frame2497.png 1 230 198 209 86
frame2498.png 1 226 217 259 87
frame2499.png 1 64 274 275 85
frame2500.png 1 206 250 175 82
frame2501.png 1 161 168 257 92
frame2502.png 1 213 119 246 131
frame2503.png 1 282 155 265 73
frame2504.png 1 24 66 291 217
frame2505.png 1 32 171 291 103
frame2506.png 1 202 265 177 73
frame2507.png 1 203 236 241 89
frame2508.png 1 270 194 255 86
frame2509.png 1 210 82 322 191
frame2510.png 1 265 95 197 108
frame2511.png 1 277 250 237 87
frame2512.png 1 116 186 271 86
frame2513.png 1 271 186 259 91
frame2514.png 1 348 217 210 84
frame2515.png 1 308 323 263 99
frame2516.png 1 188 164 156 59
frame2517.png 1 60 25 332 223
frame2518.png 1 156 31 310 231
frame2519.png 1 246 182 295 97
frame2521.png 1 181 271 393 154
frame2522.png 1 190 211 171 68
frame2524.png 1 251 187 301 97
frame2525.png 1 311 280 172 86
frame2526.png 1 344 196 220 102
frame2527.png 1 329 199 257 107
frame2528.png 1 62 76 436 249
frame2529.png 1 320 283 161 79
frame2530.png 1 318 283 173 80
frame2531.png 1 198 191 162 72
frame2532.png 1 235 59 111 49
frame2533.png 1 42 171 313 118
frame2534.png 1 251 158 258 70
frame2535.png 1 335 202 224 100
frame2536.png 1 89 209 333 110
frame2537.png 1 318 278 152 83
frame2538.png 1 203 263 210 85
frame2539.png 1 267 249 259 79
frame2540.png 1 156 218 232 105
frame2541.png 1 213 261 176 78
frame2542.png 1 244 193 236 75
frame2543.png 1 66 108 293 153
frame2545.png 1 223 273 223 90
frame2546.png 1 240 227 253 96
frame2547.png 1 346 142 185 66
frame2548.png 1 258 172 290 106
frame2550.png 1 143 174 287 107
frame2551.png 1 337 201 210 98
frame2553.png 1 281 77 156 76
frame2554.png 1 335 181 234 113
frame2555.png 1 155 254 277 73
frame2556.png 1 177 22 268 154
frame2557.png 1 28 12 280 301
frame2558.png 1 109 209 432 142
frame2559.png 1 335 208 213 88
frame2560.png 1 336 208 223 85
frame2561.png 1 265 158 261 73
frame2562.png 1 248 180 284 99
frame2563.png 1 23 284 226 78
frame2564.png 1 317 298 156 57
frame2565.png 1 251 186 278 95
frame2566.png 1 208 111 110 35
frame2567.png 1 54 215 313 167
frame2568.png 1 63 45 404 228
frame2569.png 1 3 76 399 196
frame2570.png 1 243 166 280 124
frame2571.png 1 256 170 177 57
frame2572.png 1 235 81 207 67
frame2573.png 1 228 296 248 94
frame2574.png 1 340 210 211 87
frame2575.png 1 82 283 220 83
frame2576.png 1 237 180 281 99
frame2577.png 1 319 288 163 71
frame2578.png 1 241 171 288 108
frame2579.png 1 131 53 399 220
frame2580.png 1 294 231 194 73
frame2581.png 1 85 233 408 151
frame2582.png 1 249 186 232 80
frame2583.png 1 63 261 259 72
frame2584.png 1 326 263 248 95
frame2585.png 1 253 150 174 67
frame2586.png 1 288 243 234 84
frame2587.png 1 317 295 164 67
frame2588.png 1 338 211 230 90
frame2589.png 1 239 300 257 97
frame2590.png 1 318 293 163 61
frame2592.png 1 230 147 110 52
frame2593.png 1 3 19 502 274
frame2594.png 1 218 121 98 46
frame2595.png 1 122 134 309 102
frame2596.png 1 286 158 163 42
frame2597.png 1 204 236 160 78
frame2598.png 1 56 261 255 80
frame2599.png 1 246 156 300 131
frame2600.png 1 294 273 178 85
frame2601.png 1 331 257 182 78
frame2602.png 1 252 59 170 100
frame2603.png 1 266 249 188 93
frame2604.png 1 250 147 278 152
frame2605.png 1 258 182 269 103
frame2606.png 1 213 241 175 102
frame2607.png 1 339 152 261 119
frame2608.png 1 48 101 396 207
frame2609.png 1 278 252 240 102
frame2610.png 1 307 254 223 83
frame2612.png 1 273 253 236 92
frame2613.png 1 195 223 155 62
frame2614.png 1 334 231 299 99
frame2615.png 1 242 48 353 254
frame2616.png 1 311 288 171 72
frame2617.png 1 280 160 262 75
frame2618.png 1 317 283 169 80
frame2620.png 1 220 126 108 44
frame2621.png 1 135 161 207 77
frame2622.png 1 219 176 281 87
frame2623.png 1 10 33 413 249
frame2624.png 1 228 117 122 35
frame2625.png 1 176 180 181 62
frame2626.png 1 316 285 163 76
frame2627.png 1 146 167 254 87
frame2628.png 1 346 201 214 101
frame2629.png 1 164 176 250 86
frame2630.png 1 18 164 274 116
frame2631.png 1 11 66 385 260
frame2632.png 1 317 276 170 92
frame2633.png 1 352 199 210 104
frame2634.png 1 161 185 221 106
frame2635.png 1 116 62 445 235
frame2636.png 1 237 241 229 105
frame2639.png 1 306 85 159 76
frame2640.png 1 75 268 206 87
frame2641.png 1 316 279 171 87
frame2642.png 1 255 168 277 116
frame2643.png 1 226 255 200 86
frame2644.png 1 333 149 259 106
frame2645.png 1 26 78 455 256
frame2646.png 1 153 300 264 90
frame2647.png 1 139 168 302 103
frame2648.png 1 104 181 368 130
frame2649.png 1 222 132 96 35
frame2650.png 1 356 277 221 95
frame2651.png 1 185 111 235 177
frame2652.png 1 337 200 221 94
frame2653.png 1 270 43 148 66
frame2655.png 1 322 274 166 80
frame2656.png 1 277 111 169 82
frame2657.png 1 227 246 199 99
frame2658.png 1 17 253 243 109
frame2659.png 1 121 197 289 119
frame2660.png 1 232 253 174 86
frame2662.png 1 214 229 256 93
frame2663.png 1 245 280 199 59
frame2664.png 1 101 90 413 212
frame2665.png 1 244 202 283 114
frame2666.png 1 173 172 306 122
frame2667.png 1 285 236 241 99
frame2668.png 1 322 205 246 79
frame2669.png 1 268 47 155 60
frame2670.png 1 240 165 295 121
frame2671.png 1 57 257 296 103
frame2672.png 1 168 164 300 118
frame2673.png 1 258 175 271 113
frame2674.png 1 242 206 220 90
frame2675.png 1 257 165 273 119
frame2676.png 1 149 69 463 204
frame2677.png 1 318 284 158 69
frame2678.png 1 175 93 219 135
frame2679.png 1 188 85 157 74
frame2680.png 1 247 297 199 62
frame2683.png 1 213 225 322 105
frame2684.png 1 320 283 164 78
frame2685.png 1 282 261 229 83
frame2686.png 1 311 134 175 55
frame2687.png 1 185 59 250 166
frame2688.png 1 50 55 430 211
frame2689.png 1 220 58 109 39
frame2690.png 1 94 235 280 105
frame2691.png 1 230 168 271 113
frame2692.png 1 250 61 216 122
frame2693.png 1 132 163 282 120
frame2694.png 1 320 263 149 93
frame2695.png 1 182 232 259 145
frame2696.png 1 140 175 422 185
frame2697.png 1 246 246 261 175
frame2698.png 1 173 201 195 60
frame2699.png 1 161 110 253 172
frame2701.png 1 237 76 207 75
frame2702.png 1 185 221 164 76
frame2703.png 1 319 279 154 83
frame2704.png 1 94 46 383 296
frame2705.png 1 309 234 163 65
frame2706.png 1 188 98 152 58
frame2707.png 1 262 146 174 42
frame2708.png 1 274 196 234 80
frame2709.png 1 160 154 262 88
frame2711.png 1 245 147 282 82
frame2712.png 1 89 201 283 118
frame2713.png 1 85 275 272 85
frame2714.png 1 140 162 247 84
frame2716.png 1 4 48 432 265
frame2717.png 1 264 75 274 104
frame2718.png 1 231 63 111 33
frame2719.png 1 253 186 270 98
frame2720.png 1 304 280 178 79
frame2721.png 1 254 180 266 101
frame2722.png 1 250 65 234 111
frame2723.png 1 157 130 339 100
frame2724.png 1 200 108 273 111
frame2726.png 1 283 234 261 100
frame2727.png 1 231 261 198 91
frame2728.png 1 237 180 309 95
frame2729.png 1 246 198 283 78
frame2731.png 1 223 122 109 49
frame2732.png 1 118 196 290 126
frame2733.png 1 353 263 175 73
frame2734.png 1 313 279 163 80
frame2735.png 1 18 105 355 258
frame2736.png 1 252 174 282 110
frame2737.png 1 91 74 357 241
frame2738.png 1 136 197 278 82
frame2739.png 1 267 197 264 68
frame2740.png 1 228 157 189 61
frame2742.png 1 253 172 280 119
frame2743.png 1 310 278 164 82
frame2744.png 1 149 71 305 189
frame2745.png 1 8 42 416 289
frame2746.png 1 196 188 235 167
frame2747.png 1 326 162 264 114
frame2748.png 1 161 260 203 91
frame2749.png 1 237 188 280 69
frame2750.png 1 120 199 245 125
frame2751.png 1 233 317 268 101
frame2752.png 1 176 162 150 61
frame2753.png 1 264 170 295 101
frame2754.png 1 226 255 176 86
frame2755.png 1 193 264 188 81
frame2756.png 1 237 119 109 46
frame2757.png 1 70 89 450 246
frame2758.png 1 141 200 350 216
frame2759.png 1 332 186 230 116
frame2760.png 1 107 268 210 89
frame2761.png 1 144 184 308 113
frame2762.png 1 273 88 158 70
frame2763.png 1 206 255 205 96
frame2764.png 1 214 267 189 77
frame2765.png 1 304 248 247 80
frame2766.png 1 287 90 138 66
frame2767.png 1 107 33 329 221
frame2768.png 1 335 206 215 97
frame2769.png 1 123 40 325 274
frame2770.png 1 335 200 223 98
frame2771.png 1 294 131 153 66
frame2772.png 1 214 122 108 48
frame2773.png 1 213 116 113 52
frame2774.png 1 9 33 438 210
frame2775.png 1 164 130 325 89
frame2776.png 1 193 268 196 84
frame2777.png 1 275 207 254 75
frame2778.png 1 233 103 113 38
frame2779.png 1 56 267 292 103
frame2781.png 1 137 247 225 86
frame2782.png 1 163 162 403 192
frame2783.png 1 126 53 365 224
frame2784.png 1 330 206 236 93
frame2785.png 1 319 287 168 72
frame2786.png 1 131 220 275 81
frame2787.png 1 103 86 402 207
frame2790.png 1 199 33 123 56
frame2791.png 1 216 190 229 92
frame2792.png 1 255 114 262 84
frame2793.png 1 130 207 242 93
frame2795.png 1 119 225 277 99
frame2796.png 1 347 264 172 65
frame2797.png 1 89 250 278 87
frame2798.png 1 260 176 264 104
frame2799.png 1 277 90 151 67
frame2800.png 1 221 128 93 36
frame2801.png 1 113 64 293 183
frame2802.png 1 302 260 233 83
frame2803.png 1 261 188 267 99
frame2804.png 1 209 261 160 56
frame2805.png 1 193 100 150 65
frame2806.png 1 233 260 193 82
frame2807.png 1 239 160 91 37
frame2808.png 1 313 294 180 66
frame2809.png 1 258 233 240 77
frame2810.png 1 315 282 187 66
frame2811.png 1 147 227 468 189
frame2812.png 1 200 139 275 98
frame2814.png 1 294 102 154 53
frame2815.png 1 349 133 185 66
frame2817.png 1 87 84 452 233
frame2818.png 1 315 288 158 73
frame2819.png 1 56 276 219 86
frame2820.png 1 84 242 249 89
frame2821.png 1 101 52 196 215
frame2822.png 1 68 38 290 170
frame2823.png 1 181 120 264 96
frame2824.png 1 162 192 284 103
frame2825.png 1 242 124 98 52
frame2826.png 1 165 44 250 168
frame2827.png 1 320 284 170 78
frame2828.png 1 208 276 372 175
frame2830.png 1 201 69 152 65
frame2832.png 1 195 263 185 74
frame2833.png 1 204 116 275 99
frame2834.png 1 182 177 316 120
frame2835.png 1 18 41 435 289
frame2836.png 1 223 99 219 64
frame2837.png 1 339 180 249 102
frame2838.png 1 210 250 174 79
frame2839.png 1 148 224 256 101
frame2840.png 1 170 128 153 63
frame2841.png 1 179 155 425 303
frame2842.png 1 173 74 276 186
frame2843.png 1 148 217 250 101
frame2845.png 1 177 220 230 97
frame2846.png 1 153 89 305 176
frame2847.png 1 238 102 104 44
frame2848.png 1 252 188 275 95
frame2849.png 1 81 160 441 183
frame2850.png 1 328 218 215 85
frame2851.png 1 225 259 209 90
frame2852.png 1 157 265 236 79
frame2853.png 1 104 89 277 166
frame2854.png 1 234 299 256 107
frame2855.png 1 197 260 244 87
frame2857.png 1 271 247 248 98
frame2858.png 1 101 268 217 87
frame2859.png 1 258 164 274 123
frame2860.png 1 157 71 263 166
frame2862.png 1 328 265 243 73
frame2863.png 1 307 243 298 99
frame2864.png 1 261 183 278 97
frame2865.png 1 167 241 188 59
frame2866.png 1 320 284 161 79
frame2867.png 1 46 87 288 191
frame2868.png 1 281 88 157 74
frame2869.png 1 143 12 277 143
frame2870.png 1 340 196 213 104
frame2871.png 1 308 200 249 90
frame2872.png 1 283 205 290 95
frame2873.png 1 268 74 279 101
frame2874.png 1 90 71 402 209
frame2875.png 1 128 58 315 213
frame2876.png 1 267 186 273 89
frame2877.png 1 258 182 285 102
frame2878.png 1 319 245 166 71
frame2879.png 1 35 95 425 218
frame2880.png 1 169 151 164 66
frame2881.png 1 251 169 285 114
frame2882.png 1 203 260 179 68
frame2883.png 1 324 294 160 65
frame2884.png 1 231 216 258 95
frame2885.png 1 274 144 169 57
frame2886.png 1 133 201 227 103
frame2887.png 1 240 183 278 67
frame2888.png 1 176 157 251 99
frame2889.png 1 266 277 171 74
frame2890.png 1 386 271 207 101
frame2891.png 1 70 10 338 167
frame2892.png 1 321 288 160 70
frame2893.png 1 340 165 241 104
frame2894.png 1 50 164 455 152
frame2895.png 1 197 230 177 69
frame2896.png 1 335 244 293 104
frame2897.png 1 195 70 148 55
frame2898.png 1 269 239 246 108
frame2899.png 1 295 227 164 56
frame2902.png 1 69 1 421 214
frame2903.png 1 254 239 300 174
frame2904.png 1 283 240 267 93
frame2905.png 1 34 76 428 279
frame2906.png 1 59 76 278 169
frame2907.png 1 136 212 288 114
frame2908.png 1 203 249 227 86
frame2909.png 1 346 138 189 70
frame2910.png 1 84 46 209 193
frame2911.png 1 204 198 315 109
frame2912.png 1 315 257 241 90
frame2913.png 1 271 151 276 80
frame2914.png 1 212 82 110 45
